{
	"class_name" : "PoseGraph",
	"edges" : 
	[
		{
			"class_name" : "PoseGraphEdge",
			"confidence" : 1.0,
			"information" : 
			[
				87674.465681200672,
				-1145.9144278247213,
				-5275.5584785291867,
				0.0,
				-143633.02069497108,
				-2317.5882888883352,
				-1145.9144278247213,
				90562.561071846663,
				1916.8594821031656,
				143633.02069497108,
				0.0,
				-5039.7687997657922,
				-5275.5584785291867,
				1916.8594821031656,
				15009.019086678478,
				2317.5882888883352,
				5039.7687997657922,
				0.0,
				0.0,
				143633.02069497108,
				2317.5882888883352,
				257387.0,
				0.0,
				0.0,
				-143633.02069497108,
				0.0,
				5039.7687997657922,
				0.0,
				257387.0,
				0.0,
				-2317.5882888883352,
				-5039.7687997657922,
				0.0,
				0.0,
				0.0,
				257387.0
			],
			"source_node_id" : 0,
			"target_node_id" : 1,
			"transformation" : 
			[
				0.99952166080424731,
				-0.020508528685752578,
				-0.023148430492455404,
				0.0,
				0.020641615960803064,
				0.99977167268926226,
				0.0055250501029182374,
				0.0,
				0.023029834425047371,
				-0.0060002282672161188,
				0.99971677188446528,
				0.0,
				0.00073550477731834998,
				-0.00055749667020474336,
				-0.0028093692881257558,
				1.0
			],
			"uncertain" : false,
			"version_major" : 1,
			"version_minor" : 0
		},
		{
			"class_name" : "PoseGraphEdge",
			"confidence" : 0.99403821064425624,
			"information" : 
			[
				76489.176874654455,
				-496.54204155802768,
				-7421.3999492273633,
				0.0,
				-128889.75865617394,
				-3486.943843801273,
				-496.54204155802768,
				78957.114749820495,
				2587.055461971584,
				128889.75865617394,
				0.0,
				-10829.186085043504,
				-7421.3999492273633,
				2587.055461971584,
				12898.082368523421,
				3486.943843801273,
				10829.186085043504,
				0.0,
				0.0,
				128889.75865617394,
				3486.943843801273,
				236030.0,
				0.0,
				0.0,
				-128889.75865617394,
				0.0,
				10829.186085043504,
				0.0,
				236030.0,
				0.0,
				-3486.943843801273,
				-10829.186085043504,
				0.0,
				0.0,
				0.0,
				236030.0
			],
			"source_node_id" : 0,
			"target_node_id" : 5,
			"transformation" : 
			[
				0.99291825016119184,
				0.0080021663162006072,
				-0.11852980144707857,
				0.0,
				-0.004978242259301862,
				0.99965508816584525,
				0.025786077796812436,
				0.0,
				0.11869526359903206,
				-0.025013397177980838,
				0.99261561762888462,
				0.0,
				-0.0017270095901119127,
				0.00089832572609382488,
				-0.0060946856146756765,
				1.0
			],
			"uncertain" : true,
			"version_major" : 1,
			"version_minor" : 0
		},
		{
			"class_name" : "PoseGraphEdge",
			"confidence" : 0.97232985928381643,
			"information" : 
			[
				65131.942745042812,
				-214.71574409616301,
				-9081.32198455652,
				0.0,
				-111349.49680832028,
				-4173.5465069513302,
				-214.71574409616301,
				66814.093848048375,
				2885.7907826958744,
				111349.49680832028,
				0.0,
				-15016.439756940323,
				-9081.32198455652,
				2885.7907826958744,
				10584.778264268643,
				4173.5465069513302,
				15016.439756940323,
				0.0,
				0.0,
				111349.49680832028,
				4173.5465069513302,
				206609.0,
				0.0,
				0.0,
				-111349.49680832028,
				0.0,
				15016.439756940323,
				0.0,
				206609.0,
				0.0,
				-4173.5465069513302,
				-15016.439756940323,
				0.0,
				0.0,
				0.0,
				206609.0
			],
			"source_node_id" : 0,
			"target_node_id" : 10,
			"transformation" : 
			[
				0.98234002377174789,
				0.073142548171557714,
				-0.17221569424152938,
				0.0,
				-0.068319531051734203,
				0.99709157221187794,
				0.033776297916080653,
				0.0,
				0.17418530182823039,
				-0.021414113827473567,
				0.98448002334023654,
				0.0,
				0.018802641024769893,
				-0.0052787240287690499,
				-0.0047045528948639328,
				1.0
			],
			"uncertain" : true,
			"version_major" : 1,
			"version_minor" : 0
		},
		{
			"class_name" : "PoseGraphEdge",
			"confidence" : 0.99470127369015759,
			"information" : 
			[
				65410.966089758615,
				-210.96275123410339,
				-8710.5915477879225,
				0.0,
				-113136.64813950658,
				-3225.1825202533801,
				-210.96275123410339,
				67454.601556376816,
				2217.235149858956,
				113136.64813950658,
				0.0,
				-14144.585672297195,
				-8710.5915477879225,
				2217.235149858956,
				10971.578160710003,
				3225.1825202533801,
				14144.585672297195,
				0.0,
				0.0,
				113136.64813950658,
				3225.1825202533801,
				212575.0,
				0.0,
				0.0,
				-113136.64813950658,
				0.0,
				14144.585672297195,
				0.0,
				212575.0,
				0.0,
				-3225.1825202533801,
				-14144.585672297195,
				0.0,
				0.0,
				0.0,
				212575.0
			],
			"source_node_id" : 0,
			"target_node_id" : 15,
			"transformation" : 
			[
				0.98820162401104816,
				0.08670798186654867,
				-0.12625084626471875,
				0.0,
				-0.082346327888977208,
				0.99582559385100911,
				0.039375994139646452,
				0.0,
				0.1291380369415939,
				-0.028515127773072687,
				0.99121655298070843,
				0.0,
				0.032279633314218584,
				-0.0012531861624588984,
				-0.013490478389285611,
				1.0
			],
			"uncertain" : true,
			"version_major" : 1,
			"version_minor" : 0
		},
		{
			"class_name" : "PoseGraphEdge",
			"confidence" : 0.99729808896236016,
			"information" : 
			[
				65563.613947219041,
				-282.84379369830344,
				-8502.8709214973369,
				0.0,
				-113586.18156009912,
				-3053.7085125955055,
				-282.84379369830344,
				67964.959999206156,
				2057.477337498819,
				113586.18156009912,
				0.0,
				-13379.776425681484,
				-8502.8709214973369,
				2057.477337498819,
				11393.22145915365,
				3053.7085125955055,
				13379.776425681484,
				0.0,
				0.0,
				113586.18156009912,
				3053.7085125955055,
				214093.0,
				0.0,
				0.0,
				-113586.18156009912,
				0.0,
				13379.776425681484,
				0.0,
				214093.0,
				0.0,
				-3053.7085125955055,
				-13379.776425681484,
				0.0,
				0.0,
				0.0,
				214093.0
			],
			"source_node_id" : 0,
			"target_node_id" : 20,
			"transformation" : 
			[
				0.99217044912637509,
				0.082818241993961317,
				-0.093482290693998354,
				0.0,
				-0.079078477176839634,
				0.9959392318745478,
				0.043030696723717371,
				0.0,
				0.096666407442087265,
				-0.035301348503507135,
				0.99469061545089199,
				0.0,
				0.035142260426353447,
				0.00064372917998027309,
				-0.017612323135464632,
				1.0
			],
			"uncertain" : true,
			"version_major" : 1,
			"version_minor" : 0
		},
		{
			"class_name" : "PoseGraphEdge",
			"confidence" : 0.99935675161682214,
			"information" : 
			[
				67188.163617116457,
				-352.31854307437311,
				-9430.9218555722218,
				0.0,
				-116419.74378868937,
				-2678.510075452039,
				-352.31854307437311,
				69807.898270382531,
				1794.0637142939813,
				116419.74378868937,
				0.0,
				-14461.017117069714,
				-9430.9218555722218,
				1794.0637142939813,
				11685.033773182837,
				2678.510075452039,
				14461.017117069714,
				0.0,
				0.0,
				116419.74378868937,
				2678.510075452039,
				219778.0,
				0.0,
				0.0,
				-116419.74378868937,
				0.0,
				14461.017117069714,
				0.0,
				219778.0,
				0.0,
				-2678.510075452039,
				-14461.017117069714,
				0.0,
				0.0,
				0.0,
				219778.0
			],
			"source_node_id" : 0,
			"target_node_id" : 25,
			"transformation" : 
			[
				0.99429820392296808,
				0.085631771467357468,
				-0.063547473521153031,
				0.0,
				-0.082767607018617781,
				0.99548732719992805,
				0.046416641549710529,
				0.0,
				0.067235443807347486,
				-0.040892311009588588,
				0.9968987982720835,
				0.0,
				0.049191806038664937,
				0.0024012822470261528,
				-0.018723515392411912,
				1.0
			],
			"uncertain" : true,
			"version_major" : 1,
			"version_minor" : 0
		},
		{
			"class_name" : "PoseGraphEdge",
			"confidence" : 0.99852768281897597,
			"information" : 
			[
				69471.486331508175,
				-376.29178108455824,
				-9833.216890235577,
				0.0,
				-119403.22599968314,
				-2566.605014769535,
				-376.29178108455824,
				72238.508385962719,
				1763.1151011677794,
				119403.22599968314,
				0.0,
				-14864.267919006816,
				-9833.216890235577,
				1763.1151011677794,
				12154.179902915481,
				2566.605014769535,
				14864.267919006816,
				0.0,
				0.0,
				119403.22599968314,
				2566.605014769535,
				223731.0,
				0.0,
				0.0,
				-119403.22599968314,
				0.0,
				14864.267919006816,
				0.0,
				223731.0,
				0.0,
				-2566.605014769535,
				-14864.267919006816,
				0.0,
				0.0,
				0.0,
				223731.0
			],
			"source_node_id" : 0,
			"target_node_id" : 30,
			"transformation" : 
			[
				0.99503572418985231,
				0.083845191395291813,
				-0.053608688343082272,
				0.0,
				-0.081660000174078665,
				0.99578611540824657,
				0.041733161055975729,
				0.0,
				0.056881912393558207,
				-0.037148300634636235,
				0.99768955682737903,
				0.0,
				0.051733474389187822,
				0.0023335390905987537,
				-0.016427814776575435,
				1.0
			],
			"uncertain" : true,
			"version_major" : 1,
			"version_minor" : 0
		},
		{
			"class_name" : "PoseGraphEdge",
			"confidence" : 0.89277505361663567,
			"information" : 
			[
				68204.403448150711,
				-369.31093690707712,
				-9477.3299187245302,
				0.0,
				-117865.06181764603,
				-2506.0478162522486,
				-369.31093690707712,
				70872.749681122776,
				1708.9327894317703,
				117865.06181764603,
				0.0,
				-14341.530659664684,
				-9477.3299187245302,
				1708.9327894317703,
				11909.562422762792,
				2506.0478162522486,
				14341.530659664684,
				0.0,
				0.0,
				117865.06181764603,
				2506.0478162522486,
				222094.0,
				0.0,
				0.0,
				-117865.06181764603,
				0.0,
				14341.530659664684,
				0.0,
				222094.0,
				0.0,
				-2506.0478162522486,
				-14341.530659664684,
				0.0,
				0.0,
				0.0,
				222094.0
			],
			"source_node_id" : 0,
			"target_node_id" : 35,
			"transformation" : 
			[
				0.99361091001985835,
				0.095314337299956364,
				-0.060436219228036013,
				0.0,
				-0.093089452147262761,
				0.99490828203984527,
				0.038624658282584427,
				0.0,
				0.063809978752790555,
				-0.032751907327574895,
				0.9974244829449368,
				0.0,
				0.046920268921257613,
				0.00048731973639089591,
				-0.019539846459985029,
				1.0
			],
			"uncertain" : true,
			"version_major" : 1,
			"version_minor" : 0
		},
		{
			"class_name" : "PoseGraphEdge",
			"confidence" : 0.99896807416499145,
			"information" : 
			[
				66337.020378241257,
				-380.33642704798035,
				-9090.9836185000913,
				0.0,
				-115505.65085867047,
				-2352.4293645984144,
				-380.33642704798035,
				68966.652139673737,
				1601.9521595123706,
				115505.65085867047,
				0.0,
				-13825.197607497335,
				-9090.9836185000913,
				1601.9521595123706,
				11581.35254234794,
				2352.4293645984144,
				13825.197607497335,
				0.0,
				0.0,
				115505.65085867047,
				2352.4293645984144,
				219217.0,
				0.0,
				0.0,
				-115505.65085867047,
				0.0,
				13825.197607497335,
				0.0,
				219217.0,
				0.0,
				-2352.4293645984144,
				-13825.197607497335,
				0.0,
				0.0,
				0.0,
				219217.0
			],
			"source_node_id" : 0,
			"target_node_id" : 40,
			"transformation" : 
			[
				0.99495497838905977,
				0.074881907286090968,
				-0.066762945860880718,
				0.0,
				-0.071683952705327583,
				0.9962193040899463,
				0.04907656348078699,
				0.0,
				0.070185482141009295,
				-0.044043139303876232,
				0.99656118727195786,
				0.0,
				0.044595068459186003,
				0.004100856174250136,
				-0.0227765444302678,
				1.0
			],
			"uncertain" : true,
			"version_major" : 1,
			"version_minor" : 0
		},
		{
			"class_name" : "PoseGraphEdge",
			"confidence" : 0.93256944592034274,
			"information" : 
			[
				60523.128217265272,
				-192.82607513174707,
				-9263.8345081443003,
				0.0,
				-106271.14829555154,
				-2813.4883602264454,
				-192.82607513174707,
				62411.030319321042,
				1929.9663358284197,
				106271.14829555154,
				0.0,
				-15203.392349137343,
				-9263.8345081443003,
				1929.9663358284197,
				10240.904965740108,
				2813.4883602264454,
				15203.392349137343,
				0.0,
				0.0,
				106271.14829555154,
				2813.4883602264454,
				203275.0,
				0.0,
				0.0,
				-106271.14829555154,
				0.0,
				15203.392349137343,
				0.0,
				203275.0,
				0.0,
				-2813.4883602264454,
				-15203.392349137343,
				0.0,
				0.0,
				0.0,
				203275.0
			],
			"source_node_id" : 0,
			"target_node_id" : 45,
			"transformation" : 
			[
				0.98753679506430603,
				0.095706236223890573,
				-0.12494556711614895,
				0.0,
				-0.091047560761005661,
				0.99493960861471287,
				0.042491374290242433,
				0.0,
				0.12837998314998395,
				-0.030585806470637984,
				0.99125329173171017,
				0.0,
				0.046317301689175,
				0.0017899589936333767,
				-0.021387918963644136,
				1.0
			],
			"uncertain" : true,
			"version_major" : 1,
			"version_minor" : 0
		},
		{
			"class_name" : "PoseGraphEdge",
			"confidence" : 0.98804312781448478,
			"information" : 
			[
				59564.97275904147,
				-153.42690966008888,
				-7979.7338520121848,
				0.0,
				-105546.46654561162,
				-2881.3002005038434,
				-153.42690966008888,
				61241.437132092411,
				2009.0862633012521,
				105546.46654561162,
				0.0,
				-13456.94352302904,
				-7979.7338520121848,
				2009.0862633012521,
				9863.3520736615865,
				2881.3002005038434,
				13456.94352302904,
				0.0,
				0.0,
				105546.46654561162,
				2881.3002005038434,
				203262.0,
				0.0,
				0.0,
				-105546.46654561162,
				0.0,
				13456.94352302904,
				0.0,
				203262.0,
				0.0,
				-2881.3002005038434,
				-13456.94352302904,
				0.0,
				0.0,
				0.0,
				203262.0
			],
			"source_node_id" : 0,
			"target_node_id" : 50,
			"transformation" : 
			[
				0.98368493365859688,
				0.089857418098358802,
				-0.15585119731904096,
				0.0,
				-0.083720779369055115,
				0.99544923522447371,
				0.045515395119107988,
				0.0,
				0.1592318510691875,
				-0.031724824723033708,
				0.98673134798757345,
				0.0,
				0.027118633603043066,
				0.0024330430408277051,
				-0.021913940723930794,
				1.0
			],
			"uncertain" : true,
			"version_major" : 1,
			"version_minor" : 0
		},
		{
			"class_name" : "PoseGraphEdge",
			"confidence" : 0.99845905173048788,
			"information" : 
			[
				68112.529138198792,
				-302.80747672761731,
				-8003.377661223496,
				0.0,
				-117690.44072911143,
				-2881.3714440566255,
				-302.80747672761731,
				70453.978445353801,
				2076.2751512746681,
				117690.44072911143,
				0.0,
				-12344.220010960882,
				-8003.377661223496,
				2076.2751512746681,
				11813.627488824357,
				2881.3714440566255,
				12344.220010960882,
				0.0,
				0.0,
				117690.44072911143,
				2881.3714440566255,
				221489.0,
				0.0,
				0.0,
				-117690.44072911143,
				0.0,
				12344.220010960882,
				0.0,
				221489.0,
				0.0,
				-2881.3714440566255,
				-12344.220010960882,
				0.0,
				0.0,
				0.0,
				221489.0
			],
			"source_node_id" : 0,
			"target_node_id" : 55,
			"transformation" : 
			[
				0.99286310670794853,
				0.074597425455064523,
				-0.093048779968992204,
				0.0,
				-0.071930201828499685,
				0.9969057524943824,
				0.031701209890491126,
				0.0,
				0.095125692655313607,
				-0.024781944215208618,
				0.99515675038546647,
				0.0,
				0.02648996220731659,
				0.0018446641422614149,
				-0.017484678453699495,
				1.0
			],
			"uncertain" : true,
			"version_major" : 1,
			"version_minor" : 0
		},
		{
			"class_name" : "PoseGraphEdge",
			"confidence" : 0.98494394435472199,
			"information" : 
			[
				73190.346439238405,
				-440.55365839643355,
				-9251.5761750855727,
				0.0,
				-124661.32519081235,
				-2712.8311098670529,
				-440.55365839643355,
				76064.86628428963,
				1948.6290116485834,
				124661.32519081235,
				0.0,
				-13638.012149051705,
				-9251.5761750855727,
				1948.6290116485834,
				12790.768843034341,
				2712.8311098670529,
				13638.012149051705,
				0.0,
				0.0,
				124661.32519081235,
				2712.8311098670529,
				231311.0,
				0.0,
				0.0,
				-124661.32519081235,
				0.0,
				13638.012149051705,
				0.0,
				231311.0,
				0.0,
				-2712.8311098670529,
				-13638.012149051705,
				0.0,
				0.0,
				0.0,
				231311.0
			],
			"source_node_id" : 0,
			"target_node_id" : 60,
			"transformation" : 
			[
				0.99564987094654034,
				0.077170569274286172,
				-0.052211471172722734,
				0.0,
				-0.075281128161734989,
				0.99646679036883568,
				0.037238252304943965,
				0.0,
				0.054900694229070596,
				-0.033145722648825399,
				0.9979415187490962,
				0.0,
				0.03979469252003142,
				0.0039024933273994998,
				-0.012872598657707216,
				1.0
			],
			"uncertain" : true,
			"version_major" : 1,
			"version_minor" : 0
		},
		{
			"class_name" : "PoseGraphEdge",
			"confidence" : 0.99419857925182176,
			"information" : 
			[
				80976.797387792758,
				-489.56615615944668,
				-10505.385063516909,
				0.0,
				-133953.66649529338,
				-2910.4633432749833,
				-489.56615615944668,
				83890.135805811035,
				2213.2219595838051,
				133953.66649529338,
				0.0,
				-15010.664498645114,
				-10505.385063516909,
				2213.2219595838051,
				13953.412355100319,
				2910.4633432749833,
				15010.664498645114,
				0.0,
				0.0,
				133953.66649529338,
				2910.4633432749833,
				241780.0,
				0.0,
				0.0,
				-133953.66649529338,
				0.0,
				15010.664498645114,
				0.0,
				241780.0,
				0.0,
				-2910.4633432749833,
				-15010.664498645114,
				0.0,
				0.0,
				0.0,
				241780.0
			],
			"source_node_id" : 0,
			"target_node_id" : 65,
			"transformation" : 
			[
				0.9963599582057493,
				0.078634375315745964,
				-0.03291608577795057,
				0.0,
				-0.078280879780959614,
				0.99686037000087158,
				0.011895653930952011,
				0.0,
				0.033748148763420985,
				-0.0092756530998297834,
				0.99938732467177804,
				0.0,
				0.050668017717888252,
				-0.0027339596231347272,
				-0.00075882617673094096,
				1.0
			],
			"uncertain" : true,
			"version_major" : 1,
			"version_minor" : 0
		},
		{
			"class_name" : "PoseGraphEdge",
			"confidence" : 0.99342266178723071,
			"information" : 
			[
				86175.552492388131,
				-724.8657039625366,
				-10672.98948835193,
				0.0,
				-140137.22508844733,
				-2796.8505317848758,
				-724.8657039625366,
				89252.042564643401,
				2111.0967748345847,
				140137.22508844733,
				0.0,
				-14400.461583786033,
				-10672.98948835193,
				2111.0967748345847,
				14777.250433148765,
				2796.8505317848758,
				14400.461583786033,
				0.0,
				0.0,
				140137.22508844733,
				2796.8505317848758,
				248998.0,
				0.0,
				0.0,
				-140137.22508844733,
				0.0,
				14400.461583786033,
				0.0,
				248998.0,
				0.0,
				-2796.8505317848758,
				-14400.461583786033,
				0.0,
				0.0,
				0.0,
				248998.0
			],
			"source_node_id" : 0,
			"target_node_id" : 75,
			"transformation" : 
			[
				0.99727861156815478,
				0.073661806116004785,
				-0.0030511028203463065,
				0.0,
				-0.073635694281501393,
				0.99725365915312891,
				0.0079324544357550347,
				0.0,
				0.0036270423727133693,
				-0.0076861970715161035,
				0.99996388281687609,
				0.0,
				0.053714277122524808,
				-0.0056038829843932476,
				0.0056662446906461791,
				1.0
			],
			"uncertain" : true,
			"version_major" : 1,
			"version_minor" : 0
		},
		{
			"class_name" : "PoseGraphEdge",
			"confidence" : 0.99233036300526622,
			"information" : 
			[
				89144.673411802505,
				-898.42305448124205,
				-10784.99561093525,
				0.0,
				-143456.77113988996,
				-2531.0841547515301,
				-898.42305448124205,
				92195.3473192362,
				1966.7128050192296,
				143456.77113988996,
				0.0,
				-14188.718890036456,
				-10784.99561093525,
				1966.7128050192296,
				15110.075934027718,
				2531.0841547515301,
				14188.718890036456,
				0.0,
				0.0,
				143456.77113988996,
				2531.0841547515301,
				252382.0,
				0.0,
				0.0,
				-143456.77113988996,
				0.0,
				14188.718890036456,
				0.0,
				252382.0,
				0.0,
				-2531.0841547515301,
				-14188.718890036456,
				0.0,
				0.0,
				0.0,
				252382.0
			],
			"source_node_id" : 0,
			"target_node_id" : 80,
			"transformation" : 
			[
				0.9975653590994662,
				0.06896839460232547,
				0.010330288995585331,
				0.0,
				-0.068975847685387767,
				0.99761826271324039,
				0.00036652025633870705,
				0.0,
				-0.010280406647432376,
				-0.0010781683514371446,
				0.99994657396891451,
				0.0,
				0.057688026966219226,
				-0.0079088163344548275,
				0.010427884391351184,
				1.0
			],
			"uncertain" : true,
			"version_major" : 1,
			"version_minor" : 0
		},
		{
			"class_name" : "PoseGraphEdge",
			"confidence" : 0.98811735704149406,
			"information" : 
			[
				85864.63609584645,
				-759.43665301228623,
				-10179.361703401024,
				0.0,
				-139788.78849390149,
				-3032.9477336625278,
				-759.43665301228623,
				88916.090064167132,
				2217.6383200232649,
				139788.78849390149,
				0.0,
				-13470.569438088249,
				-10179.361703401024,
				2217.6383200232649,
				14723.245145200091,
				3032.9477336625278,
				13470.569438088249,
				0.0,
				0.0,
				139788.78849390149,
				3032.9477336625278,
				248798.0,
				0.0,
				0.0,
				-139788.78849390149,
				0.0,
				13470.569438088249,
				0.0,
				248798.0,
				0.0,
				-3032.9477336625278,
				-13470.569438088249,
				0.0,
				0.0,
				0.0,
				248798.0
			],
			"source_node_id" : 0,
			"target_node_id" : 85,
			"transformation" : 
			[
				0.99829587223270599,
				0.058345953499352274,
				0.0010493776213605893,
				0.0,
				-0.058353171470404738,
				0.99825329595892343,
				0.0092338771105755467,
				0.0,
				-0.00050878530471599483,
				-0.0092793759164680155,
				0.99995681622763855,
				0.0,
				0.05099742176073889,
				-0.0074737590316936242,
				0.0037290882587592703,
				1.0
			],
			"uncertain" : true,
			"version_major" : 1,
			"version_minor" : 0
		},
		{
			"class_name" : "PoseGraphEdge",
			"confidence" : 0.97614544015603699,
			"information" : 
			[
				83584.522413042941,
				-657.48188064802582,
				-10731.123427636943,
				0.0,
				-137049.12769117951,
				-2853.0792011410813,
				-657.48188064802582,
				86584.102588963797,
				2075.8198820518919,
				137049.12769117951,
				0.0,
				-14696.858555524697,
				-10731.123427636943,
				2075.8198820518919,
				14363.635529076299,
				2853.0792011410813,
				14696.858555524697,
				0.0,
				0.0,
				137049.12769117951,
				2853.0792011410813,
				245650.0,
				0.0,
				0.0,
				-137049.12769117951,
				0.0,
				14696.858555524697,
				0.0,
				245650.0,
				0.0,
				-2853.0792011410813,
				-14696.858555524697,
				0.0,
				0.0,
				0.0,
				245650.0
			],
			"source_node_id" : 0,
			"target_node_id" : 90,
			"transformation" : 
			[
				0.99773521023588974,
				0.066828623973137269,
				-0.0076410256773912144,
				0.0,
				-0.06674354369874004,
				0.99771067972168659,
				0.010894904489012943,
				0.0,
				0.0083516243976801442,
				-0.010360240689642973,
				0.99991145397118641,
				0.0,
				0.055351139017816971,
				-0.00643553365895472,
				0.00074078015844341726,
				1.0
			],
			"uncertain" : true,
			"version_major" : 1,
			"version_minor" : 0
		},
		{
			"class_name" : "PoseGraphEdge",
			"confidence" : 0.99368542666497139,
			"information" : 
			[
				75772.123267579067,
				-559.18290092573852,
				-9129.8082687305414,
				0.0,
				-128024.0971942246,
				-2814.8454021485231,
				-559.18290092573852,
				78734.799153231041,
				1953.778963901892,
				128024.0971942246,
				0.0,
				-12749.706204052723,
				-9129.8082687305414,
				1953.778963901892,
				13157.27201358073,
				2814.8454021485231,
				12749.706204052723,
				0.0,
				0.0,
				128024.0971942246,
				2814.8454021485231,
				235953.0,
				0.0,
				0.0,
				-128024.0971942246,
				0.0,
				12749.706204052723,
				0.0,
				235953.0,
				0.0,
				-2814.8454021485231,
				-12749.706204052723,
				0.0,
				0.0,
				0.0,
				235953.0
			],
			"source_node_id" : 0,
			"target_node_id" : 95,
			"transformation" : 
			[
				0.99768225683946654,
				0.059131213501674544,
				-0.033669184390590835,
				0.0,
				-0.057977867971119375,
				0.99772985265699776,
				0.034259421223481169,
				0.0,
				0.035618551531914878,
				-0.032227949156963288,
				0.99884567280431547,
				0.0,
				0.039945145264182573,
				-0.00097574655096126033,
				-0.011862588254308803,
				1.0
			],
			"uncertain" : true,
			"version_major" : 1,
			"version_minor" : 0
		},
		{
			"class_name" : "PoseGraphEdge",
			"confidence" : 1.0,
			"information" : 
			[
				90581.817528207728,
				-1125.5025337417076,
				-5843.7340386345968,
				0.0,
				-148274.65551793575,
				-2700.103397417377,
				-1125.5025337417076,
				93735.306969073907,
				2126.7233623268276,
				148274.65551793575,
				0.0,
				-5949.9363620720978,
				-5843.7340386345968,
				2126.7233623268276,
				15649.874515525011,
				2700.103397417377,
				5949.9363620720978,
				0.0,
				0.0,
				148274.65551793575,
				2700.103397417377,
				265424.0,
				0.0,
				0.0,
				-148274.65551793575,
				0.0,
				5949.9363620720978,
				0.0,
				265424.0,
				0.0,
				-2700.103397417377,
				-5949.9363620720978,
				0.0,
				0.0,
				0.0,
				265424.0
			],
			"source_node_id" : 1,
			"target_node_id" : 2,
			"transformation" : 
			[
				0.99990637019206874,
				-0.0086701415176977156,
				-0.010586760381886398,
				0.0,
				0.0086629339872350518,
				0.99996221219065728,
				-0.00072647470764529995,
				0.0,
				0.010592658969927841,
				0.00063469428163099445,
				0.99994369478441847,
				0.0,
				0.0026056014539634878,
				-0.0036566276935717638,
				0.001371910070057005,
				1.0
			],
			"uncertain" : false,
			"version_major" : 1,
			"version_minor" : 0
		},
		{
			"class_name" : "PoseGraphEdge",
			"confidence" : 1.0,
			"information" : 
			[
				85159.327766619157,
				-987.50697072022126,
				-5908.482414821854,
				0.0,
				-141081.94957411289,
				-2757.6886334552837,
				-987.50697072022126,
				88108.475195692052,
				2194.1945001206986,
				141081.94957411289,
				0.0,
				-6915.9297688065271,
				-5908.482414821854,
				2194.1945001206986,
				14713.037176983009,
				2757.6886334552837,
				6915.9297688065271,
				0.0,
				0.0,
				141081.94957411289,
				2757.6886334552837,
				254952.0,
				0.0,
				0.0,
				-141081.94957411289,
				0.0,
				6915.9297688065271,
				0.0,
				254952.0,
				0.0,
				-2757.6886334552837,
				-6915.9297688065271,
				0.0,
				0.0,
				0.0,
				254952.0
			],
			"source_node_id" : 2,
			"target_node_id" : 3,
			"transformation" : 
			[
				0.99919523055041259,
				0.013781792126200003,
				-0.037668998541217066,
				0.0,
				-0.013475585715999687,
				0.99987416184826361,
				0.0083707262433873712,
				0.0,
				0.03777962195309463,
				-0.0078563779199577969,
				0.99925521139049378,
				0.0,
				-3.4074377968127824e-05,
				-0.0019320578084712839,
				-0.0018985419634252284,
				1.0
			],
			"uncertain" : false,
			"version_major" : 1,
			"version_minor" : 0
		},
		{
			"class_name" : "PoseGraphEdge",
			"confidence" : 1.0,
			"information" : 
			[
				87127.42412208383,
				-956.95106844387419,
				-6020.3344321964069,
				0.0,
				-143637.55672210455,
				-2663.7513840432512,
				-956.95106844387419,
				90481.009577553254,
				2149.2604121372897,
				143637.55672210455,
				0.0,
				-7020.520061834075,
				-6020.3344321964069,
				2149.2604121372897,
				15573.619781602476,
				2663.7513840432512,
				7020.520061834075,
				0.0,
				0.0,
				143637.55672210455,
				2663.7513840432512,
				258428.0,
				0.0,
				0.0,
				-143637.55672210455,
				0.0,
				7020.520061834075,
				0.0,
				258428.0,
				0.0,
				-2663.7513840432512,
				-7020.520061834075,
				0.0,
				0.0,
				0.0,
				258428.0
			],
			"source_node_id" : 3,
			"target_node_id" : 4,
			"transformation" : 
			[
				0.99980246238981441,
				0.015452528741625598,
				-0.012500222188116611,
				0.0,
				-0.015503964094834783,
				0.99987169146419896,
				-0.0040283626781141731,
				0.0,
				0.01243636991284522,
				0.0042213699209597989,
				0.9999137546505602,
				0.0,
				0.0081767325308714101,
				-0.0044526939097820897,
				0.0011442972420049433,
				1.0
			],
			"uncertain" : false,
			"version_major" : 1,
			"version_minor" : 0
		},
		{
			"class_name" : "PoseGraphEdge",
			"confidence" : 1.0,
			"information" : 
			[
				84458.057344569563,
				-513.86997879755825,
				-3704.0895472539273,
				0.0,
				-140800.95673429966,
				-2163.6954164990457,
				-513.86997879755825,
				88389.307813834297,
				1852.3898542305869,
				140800.95673429966,
				0.0,
				-4017.3430970055633,
				-3704.0895472539273,
				1852.3898542305869,
				16235.108345031262,
				2163.6954164990457,
				4017.3430970055633,
				0.0,
				0.0,
				140800.95673429966,
				2163.6954164990457,
				255820.0,
				0.0,
				0.0,
				-140800.95673429966,
				0.0,
				4017.3430970055633,
				0.0,
				255820.0,
				0.0,
				-2163.6954164990457,
				-4017.3430970055633,
				0.0,
				0.0,
				0.0,
				255820.0
			],
			"source_node_id" : 4,
			"target_node_id" : 5,
			"transformation" : 
			[
				0.9991388536483039,
				0.0031484319300794854,
				-0.041371953141405508,
				0.0,
				-0.0025439796155208088,
				0.99988937742266759,
				0.014654729101051936,
				0.0,
				0.04141351588634818,
				-0.014536859829105435,
				0.99903633587985208,
				0.0,
				-0.017656340543431754,
				0.0096598259677931637,
				-0.0033312461557886202,
				1.0
			],
			"uncertain" : false,
			"version_major" : 1,
			"version_minor" : 0
		},
		{
			"class_name" : "PoseGraphEdge",
			"confidence" : 1.0,
			"information" : 
			[
				90602.37180110949,
				-410.49805386770015,
				-4764.7507972478952,
				0.0,
				-151694.56495067477,
				-1836.2175023404707,
				-410.49805386770015,
				95203.806840801233,
				1702.6359909003095,
				151694.56495067477,
				0.0,
				-5754.7991738414275,
				-4764.7507972478952,
				1702.6359909003095,
				17263.015786498512,
				1836.2175023404707,
				5754.7991738414275,
				0.0,
				0.0,
				151694.56495067477,
				1836.2175023404707,
				275984.0,
				0.0,
				0.0,
				-151694.56495067477,
				0.0,
				5754.7991738414275,
				0.0,
				275984.0,
				0.0,
				-1836.2175023404707,
				-5754.7991738414275,
				0.0,
				0.0,
				0.0,
				275984.0
			],
			"source_node_id" : 5,
			"target_node_id" : 6,
			"transformation" : 
			[
				0.99985996277966982,
				0.014376958000117014,
				-0.0085649231695851934,
				0.0,
				-0.014386688580337788,
				0.99989592775790903,
				-0.0010755672191492323,
				0.0,
				0.0085485684140915851,
				0.0011986374820609261,
				0.99996274192904588,
				0.0,
				0.0053153995692315362,
				0.00048889794822455125,
				0.0011242935226173155,
				1.0
			],
			"uncertain" : false,
			"version_major" : 1,
			"version_minor" : 0
		},
		{
			"class_name" : "PoseGraphEdge",
			"confidence" : 0.98453999985296592,
			"information" : 
			[
				80614.299482016213,
				-232.85571557568119,
				-6194.722278341329,
				0.0,
				-136625.63850662112,
				-3334.099902003858,
				-232.85571557568119,
				83888.27332147448,
				2473.0595013879911,
				136625.63850662112,
				0.0,
				-9748.8410609830171,
				-6194.722278341329,
				2473.0595013879911,
				14431.057083110969,
				3334.099902003858,
				9748.8410609830171,
				0.0,
				0.0,
				136625.63850662112,
				3334.099902003858,
				251064.0,
				0.0,
				0.0,
				-136625.63850662112,
				0.0,
				9748.8410609830171,
				0.0,
				251064.0,
				0.0,
				-3334.099902003858,
				-9748.8410609830171,
				0.0,
				0.0,
				0.0,
				251064.0
			],
			"source_node_id" : 5,
			"target_node_id" : 10,
			"transformation" : 
			[
				0.99664641914596808,
				0.063905313587238305,
				-0.05110798468768453,
				0.0,
				-0.063514615599362861,
				0.99793818654650202,
				0.0092341451982612954,
				0.0,
				0.051592720501879193,
				-0.0059570737442244991,
				0.99865044157784288,
				0.0,
				0.021949055346489828,
				-0.0052384184667571493,
				0.00091770623013517959,
				1.0
			],
			"uncertain" : true,
			"version_major" : 1,
			"version_minor" : 0
		},
		{
			"class_name" : "PoseGraphEdge",
			"confidence" : 0.94779065112354022,
			"information" : 
			[
				3.0,
				0.0,
				0.0,
				0.0,
				0.0,
				0.0,
				0.0,
				3.0,
				0.0,
				0.0,
				0.0,
				0.0,
				0.0,
				0.0,
				3.0,
				0.0,
				0.0,
				0.0,
				0.0,
				0.0,
				0.0,
				3.0,
				0.0,
				0.0,
				0.0,
				0.0,
				0.0,
				0.0,
				3.0,
				0.0,
				0.0,
				0.0,
				0.0,
				0.0,
				0.0,
				3.0
			],
			"source_node_id" : 5,
			"target_node_id" : 25,
			"transformation" : 
			[
				0.085758286250816329,
				-0.86340762954291128,
				-0.49716474290361135,
				0.0,
				0.9830617403024603,
				0.1544531776663492,
				-0.098660177692243153,
				0.0,
				0.16197262451667832,
				-0.48028270961576147,
				0.86202864671153556,
				0.0,
				-0.13234919375027676,
				0.17832560407693113,
				-0.3727909586522698,
				1.0
			],
			"uncertain" : true,
			"version_major" : 1,
			"version_minor" : 0
		},
		{
			"class_name" : "PoseGraphEdge",
			"confidence" : 0.99588891057242135,
			"information" : 
			[
				82416.351443490305,
				-325.47206309356227,
				-7223.6535231093203,
				0.0,
				-141249.32515537739,
				-2002.3331903494836,
				-325.47206309356227,
				87252.587873526616,
				1485.2817504488685,
				141249.32515537739,
				0.0,
				-9370.5045121589501,
				-7223.6535231093203,
				1485.2817504488685,
				16118.684072620325,
				2002.3331903494836,
				9370.5045121589501,
				0.0,
				0.0,
				141249.32515537739,
				2002.3331903494836,
				263574.0,
				0.0,
				0.0,
				-141249.32515537739,
				0.0,
				9370.5045121589501,
				0.0,
				263574.0,
				0.0,
				-2002.3331903494836,
				-9370.5045121589501,
				0.0,
				0.0,
				0.0,
				263574.0
			],
			"source_node_id" : 5,
			"target_node_id" : 30,
			"transformation" : 
			[
				0.99559906819864685,
				0.070688087739523953,
				0.061527958309338535,
				0.0,
				-0.071774228969216439,
				0.99729854789864258,
				0.015622625103799614,
				0.0,
				-0.060257409983012426,
				-0.019969992763862621,
				0.99798308799856494,
				0.0,
				0.050147033695644633,
				0.00047705245791408317,
				-0.010478090067848221,
				1.0
			],
			"uncertain" : true,
			"version_major" : 1,
			"version_minor" : 0
		},
		{
			"class_name" : "PoseGraphEdge",
			"confidence" : 0.99394706663164822,
			"information" : 
			[
				81027.074821999675,
				-312.83854674260272,
				-6998.7716758487923,
				0.0,
				-139530.92932844162,
				-2148.5765658778837,
				-312.83854674260272,
				85822.75991958598,
				1547.1561853335788,
				139530.92932844162,
				0.0,
				-9065.0871545709088,
				-6998.7716758487923,
				1547.1561853335788,
				15937.652642648405,
				2148.5765658778837,
				9065.0871545709088,
				0.0,
				0.0,
				139530.92932844162,
				2148.5765658778837,
				261694.0,
				0.0,
				0.0,
				-139530.92932844162,
				0.0,
				9065.0871545709088,
				0.0,
				261694.0,
				0.0,
				-2148.5765658778837,
				-9065.0871545709088,
				0.0,
				0.0,
				0.0,
				261694.0
			],
			"source_node_id" : 5,
			"target_node_id" : 35,
			"transformation" : 
			[
				0.9961946304506154,
				0.063536972316971682,
				0.059659964885631349,
				0.0,
				-0.064813200795074605,
				0.99770286108035211,
				0.019704060362738765,
				0.0,
				-0.058270981320548455,
				-0.023495832414994682,
				0.99802426753815365,
				0.0,
				0.046752450600485579,
				0.0006524097727125534,
				-0.013562500954240822,
				1.0
			],
			"uncertain" : true,
			"version_major" : 1,
			"version_minor" : 0
		},
		{
			"class_name" : "PoseGraphEdge",
			"confidence" : 0.94411517583193283,
			"information" : 
			[
				73888.181541286496,
				-169.72074579436048,
				-6770.5891747489859,
				0.0,
				-128978.3290130198,
				-1948.3370649900171,
				-169.72074579436048,
				77379.942509995744,
				1489.3195591320446,
				128978.3290130198,
				0.0,
				-10195.03301147095,
				-6770.5891747489859,
				1489.3195591320446,
				13844.847574145648,
				1948.3370649900171,
				10195.03301147095,
				0.0,
				0.0,
				128978.3290130198,
				1948.3370649900171,
				244974.0,
				0.0,
				0.0,
				-128978.3290130198,
				0.0,
				10195.03301147095,
				0.0,
				244974.0,
				0.0,
				-1948.3370649900171,
				-10195.03301147095,
				0.0,
				0.0,
				0.0,
				244974.0
			],
			"source_node_id" : 5,
			"target_node_id" : 45,
			"transformation" : 
			[
				0.99643992200242892,
				0.084223881651832241,
				-0.0037174721642148044,
				0.0,
				-0.084142010335727796,
				0.99628375161842908,
				0.018406747615268466,
				0.0,
				0.0052539448470450669,
				-0.018028422576811858,
				0.99982367047541754,
				0.0,
				0.048418444219458838,
				0.0016834232796442436,
				-0.015706512932933677,
				1.0
			],
			"uncertain" : true,
			"version_major" : 1,
			"version_minor" : 0
		},
		{
			"class_name" : "PoseGraphEdge",
			"confidence" : 0.9971001924589995,
			"information" : 
			[
				72614.299370248627,
				-115.50542451611636,
				-5128.1204119059848,
				0.0,
				-127374.66336131096,
				-2351.8674117584596,
				-115.50542451611636,
				75925.465747727314,
				1743.6892918930016,
				127374.66336131096,
				0.0,
				-8025.3219042861601,
				-5128.1204119059848,
				1743.6892918930016,
				13447.890523539181,
				2351.8674117584596,
				8025.3219042861601,
				0.0,
				0.0,
				127374.66336131096,
				2351.8674117584596,
				242603.0,
				0.0,
				0.0,
				-127374.66336131096,
				0.0,
				8025.3219042861601,
				0.0,
				242603.0,
				0.0,
				-2351.8674117584596,
				-8025.3219042861601,
				0.0,
				0.0,
				0.0,
				242603.0
			],
			"source_node_id" : 5,
			"target_node_id" : 50,
			"transformation" : 
			[
				0.99639561164276114,
				0.076846793097245167,
				-0.035921518477341784,
				0.0,
				-0.076115647196092914,
				0.99687149367376759,
				0.021298670206181036,
				0.0,
				0.037445872282118334,
				-0.018487711900096085,
				0.99912762505984709,
				0.0,
				0.029411135055843057,
				0.0023894858108368011,
				-0.015775468928210887,
				1.0
			],
			"uncertain" : true,
			"version_major" : 1,
			"version_minor" : 0
		},
		{
			"class_name" : "PoseGraphEdge",
			"confidence" : 0.99361267393944785,
			"information" : 
			[
				81677.569931020873,
				-300.81542515945046,
				-4907.1238684773234,
				0.0,
				-140384.03835186362,
				-1886.6315393908299,
				-300.81542515945046,
				86300.480147705443,
				1562.0161207104666,
				140384.03835186362,
				0.0,
				-6216.1077182978916,
				-4907.1238684773234,
				1562.0161207104666,
				16111.850885654749,
				1886.6315393908299,
				6216.1077182978916,
				0.0,
				0.0,
				140384.03835186362,
				1886.6315393908299,
				262465.0,
				0.0,
				0.0,
				-140384.03835186362,
				0.0,
				6216.1077182978916,
				0.0,
				262465.0,
				0.0,
				-1886.6315393908299,
				-6216.1077182978916,
				0.0,
				0.0,
				0.0,
				262465.0
			],
			"source_node_id" : 5,
			"target_node_id" : 55,
			"transformation" : 
			[
				0.99770898809464115,
				0.064511061579589066,
				0.020373954182787531,
				0.0,
				-0.064673480946970105,
				0.99787892563994318,
				0.007415566456642755,
				0.0,
				-0.019852353446625618,
				-0.0087162318432599615,
				0.99976492805313255,
				0.0,
				0.023984609858786993,
				0.0011722523625756472,
				-0.011675799802241737,
				1.0
			],
			"uncertain" : true,
			"version_major" : 1,
			"version_minor" : 0
		},
		{
			"class_name" : "PoseGraphEdge",
			"confidence" : 0.99513604101296171,
			"information" : 
			[
				89906.244804120914,
				-513.10053632717518,
				-5904.4919461565469,
				0.0,
				-149661.61826607585,
				-1658.8052929825208,
				-513.10053632717518,
				94389.933434328414,
				1549.6806510224887,
				149661.61826607585,
				0.0,
				-6404.452975468972,
				-5904.4919461565469,
				1549.6806510224887,
				16526.273417281867,
				1658.8052929825208,
				6404.452975468972,
				0.0,
				0.0,
				149661.61826607585,
				1658.8052929825208,
				270938.0,
				0.0,
				0.0,
				-149661.61826607585,
				0.0,
				6404.452975468972,
				0.0,
				270938.0,
				0.0,
				-1658.8052929825208,
				-6404.452975468972,
				0.0,
