{
	"class_name" : "PoseGraph",
	"edges" : 
	[
		{
			"class_name" : "PoseGraphEdge",
			"confidence" : 1.0,
			"information" : 
			[
				68509.914978381392,
				-24.852514713717554,
				-1125.3658091851732,
				0.0,
				-133842.87465566397,
				-102.4484043646371,
				-24.852514713717554,
				72519.410295808397,
				-175.80986633689736,
				133842.87465566397,
				0.0,
				-2078.2599036889442,
				-1125.3658091851732,
				-175.80986633689736,
				13829.539877299378,
				102.4484043646371,
				2078.2599036889442,
				0.0,
				0.0,
				133842.87465566397,
				102.4484043646371,
				284638.0,
				0.0,
				0.0,
				-133842.87465566397,
				0.0,
				2078.2599036889442,
				0.0,
				284638.0,
				0.0,
				-102.4484043646371,
				-2078.2599036889442,
				0.0,
				0.0,
				0.0,
				284638.0
			],
			"source_node_id" : 0,
			"target_node_id" : 1,
			"transformation" : 
			[
				0.99999969695906143,
				-0.00077775389940371075,
				3.4360689884045659e-05,
				0.0,
				0.0007777534286910236,
				0.99999969745576878,
				1.3710401709090521e-05,
				0.0,
				-3.4371342806808805e-05,
				-1.368367340990779e-05,
				0.99999999931568428,
				0.0,
				7.8471674502793396e-05,
				0.00025521170609438905,
				3.4285019761643928e-05,
				1.0
			],
			"uncertain" : false,
			"version_major" : 1,
			"version_minor" : 0
		},
		{
			"class_name" : "PoseGraphEdge",
			"confidence" : 0.99938920696402889,
			"information" : 
			[
				67868.329177602471,
				-26.548677276341763,
				-1152.4715032380786,
				0.0,
				-132498.06428465247,
				-135.46401624503778,
				-26.548677276341763,
				71847.727565161127,
				-159.88301015610432,
				132498.06428465247,
				0.0,
				-2148.2494967003877,
				-1152.4715032380786,
				-159.88301015610432,
				13745.761906280162,
				135.46401624503778,
				2148.2494967003877,
				0.0,
				0.0,
				132498.06428465247,
				135.46401624503778,
				281686.0,
				0.0,
				0.0,
				-132498.06428465247,
				0.0,
				2148.2494967003877,
				0.0,
				281686.0,
				0.0,
				-135.46401624503778,
				-2148.2494967003877,
				0.0,
				0.0,
				0.0,
				281686.0
			],
			"source_node_id" : 0,
			"target_node_id" : 5,
			"transformation" : 
			[
				0.99999940481664129,
				-0.0010820002528555551,
				-0.00014014926193330651,
				0.0,
				0.0010819450840748607,
				0.99999933742454405,
				-0.00039312250964399306,
				0.0,
				0.0001405745277288515,
				0.00039297064185911005,
				0.99999991290643497,
				0.0,
				-0.0003451441270862317,
				-0.00037398994253086447,
				-2.0863138950944636e-05,
				1.0
			],
			"uncertain" : true,
			"version_major" : 1,
			"version_minor" : 0
		},
		{
			"class_name" : "PoseGraphEdge",
			"confidence" : 0.99913619771381645,
			"information" : 
			[
				67899.192122304041,
				-28.278050736684975,
				-1188.432162511619,
				0.0,
				-132550.39457547665,
				-143.07140740763862,
				-28.278050736684975,
				71876.861442515161,
				-157.71089550816214,
				132550.39457547665,
				0.0,
				-2222.5222331567493,
				-1188.432162511619,
				-157.71089550816214,
				13748.402167373528,
				143.07140740763862,
				2222.5222331567493,
				0.0,
				0.0,
				132550.39457547665,
				143.07140740763862,
				281775.0,
				0.0,
				0.0,
				-132550.39457547665,
				0.0,
				2222.5222331567493,
				0.0,
				281775.0,
				0.0,
				-143.07140740763862,
				-2222.5222331567493,
				0.0,
				0.0,
				0.0,
				281775.0
			],
			"source_node_id" : 0,
			"target_node_id" : 10,
			"transformation" : 
			[
				0.99999999690403951,
				-7.8650983520726098e-05,
				-2.4375953823922124e-06,
				0.0,
				7.8651419819951294e-05,
				0.99999998079553065,
				0.00017950735898632751,
				0.0,
				2.4234769053041206e-06,
				-0.00017950755015122728,
				0.99999998388558275,
				0.0,
				-0.00022746921557283785,
				0.00038084571528103329,
				4.3569534877781317e-05,
				1.0
			],
			"uncertain" : true,
			"version_major" : 1,
			"version_minor" : 0
		},
		{
			"class_name" : "PoseGraphEdge",
			"confidence" : 0.99959634602778957,
			"information" : 
			[
				67853.882938440918,
				-27.364692010108811,
				-1202.581197326876,
				0.0,
				-132439.0682426393,
				-127.67102390763466,
				-27.364692010108811,
				71825.917108690075,
				-164.09566814637128,
				132439.0682426393,
				0.0,
				-2253.5907294926583,
				-1202.581197326876,
				-164.09566814637128,
				13737.933195413651,
				127.67102390763466,
				2253.5907294926583,
				0.0,
				0.0,
				132439.0682426393,
				127.67102390763466,
				281495.0,
				0.0,
				0.0,
				-132439.0682426393,
				0.0,
				2253.5907294926583,
				0.0,
				281495.0,
				0.0,
				-127.67102390763466,
				-2253.5907294926583,
				0.0,
				0.0,
				0.0,
				281495.0
			],
			"source_node_id" : 0,
			"target_node_id" : 15,
			"transformation" : 
			[
				0.99999869937067454,
				-0.001611154680678864,
				-7.373977310226937e-05,
				0.0,
				0.0016111137455182519,
				0.99999854987880843,
				-0.00055186300592799126,
				0.0,
				7.4628802835849197e-05,
				0.00055174348499679483,
				0.99999984500482242,
				0.0,
				-0.0001675630461129398,
				-0.00028886847237078302,
				2.5542509115080565e-05,
				1.0
			],
			"uncertain" : true,
			"version_major" : 1,
			"version_minor" : 0
		},
		{
			"class_name" : "PoseGraphEdge",
			"confidence" : 0.99946011931034751,
			"information" : 
			[
				67894.200831911003,
				-23.013055394403793,
				-1170.7239464611789,
				0.0,
				-132519.29842397571,
				-107.09790862177033,
				-23.013055394403793,
				71882.895885168109,
				-173.99418777383198,
				132519.29842397571,
				0.0,
				-2183.7229454243206,
				-1170.7239464611789,
				-173.99418777383198,
				13755.182592225452,
				107.09790862177033,
				2183.7229454243206,
				0.0,
				0.0,
				132519.29842397571,
				107.09790862177033,
				281658.0,
				0.0,
				0.0,
				-132519.29842397571,
				0.0,
				2183.7229454243206,
				0.0,
				281658.0,
				0.0,
				-107.09790862177033,
				-2183.7229454243206,
				0.0,
				0.0,
				0.0,
				281658.0
			],
			"source_node_id" : 0,
			"target_node_id" : 20,
			"transformation" : 
			[
				0.99999900243860806,
				0.0014046937087225549,
				-0.00014818020621870071,
				0.0,
				-0.0014046836659378488,
				0.99999901112916245,
				6.7856444705888835e-05,
				0.0,
				0.0001482753772087712,
				-6.7648230699131063e-05,
				0.9999999867190642,
				0.0,
				-0.00021036603088890138,
				6.4657046117445096e-05,
				7.2728066949585563e-05,
				1.0
			],
			"uncertain" : true,
			"version_major" : 1,
			"version_minor" : 0
		},
		{
			"class_name" : "PoseGraphEdge",
			"confidence" : 0.99724697753581104,
			"information" : 
			[
				67865.64359485259,
				-26.948484692523508,
				-1197.2296159794923,
				0.0,
				-132466.60477295518,
				-148.84936111423303,
				-26.948484692523508,
				71836.356614919176,
				-155.07176378179793,
				132466.60477295518,
				0.0,
				-2240.2995420081716,
				-1197.2296159794923,
				-155.07176378179793,
				13740.385187202573,
				148.84936111423303,
				2240.2995420081716,
				0.0,
				0.0,
				132466.60477295518,
				148.84936111423303,
				281572.0,
				0.0,
				0.0,
				-132466.60477295518,
				0.0,
				2240.2995420081716,
				0.0,
				281572.0,
				0.0,
				-148.84936111423303,
				-2240.2995420081716,
				0.0,
				0.0,
				0.0,
				281572.0
			],
			"source_node_id" : 0,
			"target_node_id" : 25,
			"transformation" : 
			[
				0.99999951175077617,
				-0.00082558249829973562,
				0.0005430577761183199,
				0.0,
				0.00082560084000530133,
				0.99999965862871465,
				-3.3551561950631046e-05,
				0.0,
				-0.00054302989115179005,
				3.3999894525227739e-05,
				0.99999985198126162,
				0.0,
				3.6964638508782705e-05,
				0.00022110767383913508,
				5.8432903517729227e-05,
				1.0
			],
			"uncertain" : true,
			"version_major" : 1,
			"version_minor" : 0
		},
		{
			"class_name" : "PoseGraphEdge",
			"confidence" : 0.99946814104115989,
			"information" : 
			[
				67931.406943529713,
				-30.037963755304389,
				-1187.6633058197745,
				0.0,
				-132599.7847764492,
				-156.07989132936927,
				-30.037963755304389,
				71913.857824563049,
				-150.26177363478473,
				132599.7847764492,
				0.0,
				-2220.2271198509552,
				-1187.6633058197745,
				-150.26177363478473,
				13753.699917633203,
				156.07989132936927,
				2220.2271198509552,
				0.0,
				0.0,
				132599.7847764492,
				156.07989132936927,
				281842.0,
				0.0,
				0.0,
				-132599.7847764492,
				0.0,
				2220.2271198509552,
				0.0,
				281842.0,
				0.0,
				-156.07989132936927,
				-2220.2271198509552,
				0.0,
				0.0,
				0.0,
				281842.0
			],
			"source_node_id" : 0,
			"target_node_id" : 30,
			"transformation" : 
			[
				0.99999911906683114,
				-0.0011262170275787419,
				0.00070249609866160584,
				0.0,
				0.0011266356345837137,
				0.99999918787221542,
				-0.0005957743349438554,
				0.0,
				-0.00070182455694452986,
				0.00059656526724444995,
				0.99999957577599707,
				0.0,
				0.00058078809032542839,
				-0.00022732507296310657,
				6.2959573567436173e-05,
				1.0
			],
			"uncertain" : true,
			"version_major" : 1,
			"version_minor" : 0
		},
		{
			"class_name" : "PoseGraphEdge",
			"confidence" : 0.99810453153477674,
			"information" : 
			[
				67863.155970582826,
				-31.609529306434965,
				-1163.6250823752021,
				0.0,
				-132455.83487173915,
				-133.28388536750572,
				-31.609529306434965,
				71843.027663183631,
				-162.25877718975335,
				132455.83487173915,
				0.0,
				-2173.9350346623396,
				-1163.6250823752021,
				-162.25877718975335,
				13739.696142634064,
				133.28388536750572,
				2173.9350346623396,
				0.0,
				0.0,
				132455.83487173915,
				133.28388536750572,
				281514.0,
				0.0,
				0.0,
				-132455.83487173915,
				0.0,
				2173.9350346623396,
				0.0,
				281514.0,
				0.0,
				-133.28388536750572,
				-2173.9350346623396,
				0.0,
				0.0,
				0.0,
				281514.0
			],
			"source_node_id" : 0,
			"target_node_id" : 35,
			"transformation" : 
			[
				0.9999987963331437,
				-0.0015416030010399022,
				-0.00017547777529102298,
				0.0,
				0.0015415359913967374,
				0.99999873911238191,
				-0.00038136653488296768,
				0.0,
				0.00017606546982809303,
				0.00038109557053812599,
				0.99999991188355408,
				0.0,
				-0.00031448149386035173,
				-0.0001636939266724821,
				6.2017117225459807e-05,
				1.0
			],
			"uncertain" : true,
			"version_major" : 1,
			"version_minor" : 0
		},
		{
			"class_name" : "PoseGraphEdge",
			"confidence" : 0.99773404153029388,
			"information" : 
			[
				67900.403525746035,
				-28.114627457896219,
				-1197.5161617173442,
				0.0,
				-132524.81486716866,
				-158.46456002033665,
				-28.114627457896219,
				71882.710162593896,
				-150.99033668984521,
				132524.81486716866,
				0.0,
				-2242.592627144797,
				-1197.5161617173442,
				-150.99033668984521,
				13752.596744566643,
				158.46456002033665,
				2242.592627144797,
				0.0,
				0.0,
				132524.81486716866,
				158.46456002033665,
				281664.0,
				0.0,
				0.0,
				-132524.81486716866,
				0.0,
				2242.592627144797,
				0.0,
				281664.0,
				0.0,
				-158.46456002033665,
				-2242.592627144797,
				0.0,
				0.0,
				0.0,
				281664.0
			],
			"source_node_id" : 0,
			"target_node_id" : 40,
			"transformation" : 
			[
				0.99999974984439666,
				0.00067936092213998595,
				0.00019692608098939086,
				0.0,
				-0.00067928428877719145,
				0.99999969364382024,
				-0.00038895387961081131,
				0.0,
				-0.00019719026072596168,
				0.00038882001351860877,
				0.99999990496749458,
				0.0,
				0.00026512122032374178,
				-0.00046368400456955097,
				8.8040658461876255e-05,
				1.0
			],
			"uncertain" : true,
			"version_major" : 1,
			"version_minor" : 0
		},
		{
			"class_name" : "PoseGraphEdge",
			"confidence" : 0.99908517988876122,
			"information" : 
			[
				67917.321786072382,
				-27.350220168135294,
				-1170.862977942601,
				0.0,
				-132559.15940877795,
				-167.20589334369288,
				-27.350220168135294,
				71896.188324249495,
				-146.51266562363708,
				132559.15940877795,
				0.0,
				-2186.4779370035394,
				-1170.862977942601,
				-146.51266562363708,
				13752.660766136685,
				167.20589334369288,
				2186.4779370035394,
				0.0,
				0.0,
				132559.15940877795,
				167.20589334369288,
				281742.0,
				0.0,
				0.0,
				-132559.15940877795,
				0.0,
				2186.4779370035394,
				0.0,
				281742.0,
				0.0,
				-167.20589334369288,
				-2186.4779370035394,
				0.0,
				0.0,
				0.0,
				281742.0
			],
			"source_node_id" : 0,
			"target_node_id" : 45,
			"transformation" : 
			[
				0.99999970087093837,
				0.00066711998158838206,
				0.00039141916570169163,
				0.0,
				-0.00066706246696812991,
				0.99999976670182966,
				-0.00014705084774916261,
				0.0,
				-0.00039151717494299198,
				0.00014678970272765431,
				0.9999999125835386,
				0.0,
				-7.1565796744403062e-05,
				-0.00032570675873179613,
				0.00011235929810181411,
				1.0
			],
			"uncertain" : true,
			"version_major" : 1,
			"version_minor" : 0
		},
		{
			"class_name" : "PoseGraphEdge",
			"confidence" : 0.99868370883499169,
			"information" : 
			[
				67928.699641961983,
				-24.2434691121572,
				-1169.5260398139676,
				0.0,
				-132581.80656963587,
				-162.52954850604874,
				-24.2434691121572,
				71917.385692022188,
				-147.44292657255846,
				132581.80656963587,
				0.0,
				-2182.5106702300545,
				-1169.5260398139676,
				-147.44292657255846,
				13756.42595657353,
				162.52954850604874,
				2182.5106702300545,
				0.0,
				0.0,
				132581.80656963587,
				162.52954850604874,
				281773.0,
				0.0,
				0.0,
				-132581.80656963587,
				0.0,
				2182.5106702300545,
				0.0,
				281773.0,
				0.0,
				-162.52954850604874,
				-2182.5106702300545,
				0.0,
				0.0,
				0.0,
				281773.0
			],
			"source_node_id" : 0,
			"target_node_id" : 50,
			"transformation" : 
			[
				0.99999868886618326,
				0.0015085506618661821,
				-0.00058867717388966538,
				0.0,
				-0.0015090898545620922,
				0.99999844126981663,
				-0.00091657282625135547,
				0.0,
				0.00058729355975713487,
				0.00091745999125165414,
				0.9999994066765433,
				0.0,
				-0.00053380423560969931,
				-0.00054347992666418216,
				9.6046854049122081e-05,
				1.0
			],
			"uncertain" : true,
			"version_major" : 1,
			"version_minor" : 0
		},
		{
			"class_name" : "PoseGraphEdge",
			"confidence" : 0.99831889134760532,
			"information" : 
			[
				67840.709237050731,
				-20.369655644786306,
				-1154.5405499300311,
				0.0,
				-132403.23547622561,
				-198.03507620649179,
				-20.369655644786306,
				71818.562113525433,
				-130.52464452100048,
				132403.23547622561,
				0.0,
				-2154.4941857314261,
				-1154.5405499300311,
				-130.52464452100048,
				13740.700513697484,
				198.03507620649179,
				2154.4941857314261,
				0.0,
				0.0,
				132403.23547622561,
				198.03507620649179,
				281402.0,
				0.0,
				0.0,
				-132403.23547622561,
				0.0,
				2154.4941857314261,
				0.0,
				281402.0,
				0.0,
				-198.03507620649179,
				-2154.4941857314261,
				0.0,
				0.0,
				0.0,
				281402.0
			],
			"source_node_id" : 0,
			"target_node_id" : 55,
			"transformation" : 
			[
				0.99999845829853617,
				0.0016175422937788554,
				-0.00068334287128468999,
				0.0,
				-0.0016182795365316902,
				0.99999810770242781,
				-0.0010797050085461586,
				0.0,
				0.00068159510968026022,
				0.0010808091837484931,
				0.99999918363947438,
				0.0,
				-0.00056038128973227332,
				-0.0006224978664670181,
				0.00012747005282079878,
				1.0
			],
			"uncertain" : true,
			"version_major" : 1,
			"version_minor" : 0
		},
		{
			"class_name" : "PoseGraphEdge",
			"confidence" : 0.9963591303495325,
			"information" : 
			[
				67910.810431346617,
				-26.484564452621328,
				-1172.2159850162211,
				0.0,
				-132500.99404582381,
				-156.97183257521829,
				-26.484564452621328,
				71894.2472276966,
				-151.25850926386283,
				132500.99404582381,
				0.0,
				-2180.237605457165,
				-1172.2159850162211,
				-151.25850926386283,
				13749.43855148118,
				156.97183257521829,
				2180.237605457165,
				0.0,
				0.0,
				132500.99404582381,
				156.97183257521829,
				281503.0,
				0.0,
				0.0,
				-132500.99404582381,
				0.0,
				2180.237605457165,
				0.0,
				281503.0,
				0.0,
				-156.97183257521829,
				-2180.237605457165,
				0.0,
				0.0,
				0.0,
				281503.0
			],
			"source_node_id" : 0,
			"target_node_id" : 60,
			"transformation" : 
			[
				0.99999857221379795,
				0.0015920895342933004,
				-0.00056641087623573907,
				0.0,
				-0.0015921054532939351,
				0.99999873221690261,
				-2.7655257652327213e-05,
				0.0,
				0.00056636612850332843,
				2.8557004011134714e-05,
				0.99999983920694047,
				0.0,
				-0.00045542826146358577,
				3.1256953197948693e-05,
				0.0001998411076780077,
				1.0
			],
			"uncertain" : true,
			"version_major" : 1,
			"version_minor" : 0
		},
		{
			"class_name" : "PoseGraphEdge",
			"confidence" : 0.99795570460802685,
			"information" : 
			[
				67251.846982841991,
				-8.3051787654072982,
				-1017.7227771343541,
				0.0,
				-131335.99499055743,
				-801.87341312866192,
				-8.3051787654072982,
				71210.396734728987,
				172.55806779287741,
				131335.99499055743,
				0.0,
				-1890.2909559953841,
				-1017.7227771343541,
				172.55806779287741,
				13555.446340135386,
				801.87341312866192,
				1890.2909559953841,
				0.0,
				0.0,
				131335.99499055743,
				801.87341312866192,
				279131.0,
				0.0,
				0.0,
				-131335.99499055743,
				0.0,
				1890.2909559953841,
				0.0,
				279131.0,
				0.0,
				-801.87341312866192,
				-1890.2909559953841,
				0.0,
				0.0,
				0.0,
				279131.0
			],
			"source_node_id" : 0,
			"target_node_id" : 65,
			"transformation" : 
			[
				0.99999194725006535,
				-0.0032871205003320229,
				0.0023022323596664294,
				0.0,
				0.0032822656896715923,
				0.99999238865034623,
				0.0021093537676201363,
				0.0,
				-0.0023091485365829057,
				-0.0021017802432379863,
				0.99999512516454014,
				0.0,
				-0.00012316971525395582,
				-0.0014143966594690636,
				0.00135816494622151,
				1.0
			],
			"uncertain" : true,
			"version_major" : 1,
			"version_minor" : 0
		},
		{
			"class_name" : "PoseGraphEdge",
			"confidence" : 0.99577230807014705,
			"information" : 
			[
				69721.096742024878,
				-124.09427394196094,
				-1550.738021993759,
				0.0,
				-132661.80395409465,
				-301.48920097827795,
				-124.09427394196094,
				73403.878971234401,
				-69.742893434564394,
				132661.80395409465,
				0.0,
				-2131.1231264397793,
				-1550.738021993759,
				-69.742893434564394,
				13255.87969654776,
				301.48920097827795,
				2131.1231264397793,
				0.0,
				0.0,
				132661.80395409465,
				301.48920097827795,
				273880.0,
				0.0,
				0.0,
				-132661.80395409465,
				0.0,
				2131.1231264397793,
				0.0,
				273880.0,
				0.0,
				-301.48920097827795,
				-2131.1231264397793,
				0.0,
				0.0,
				0.0,
				273880.0
			],
			"source_node_id" : 0,
			"target_node_id" : 70,
			"transformation" : 
			[
				0.99928007147054976,
				0.017767268459564136,
				0.033521081923164733,
				0.0,
				-0.017504467598435856,
				0.9998138355271774,
				-0.0081171363502837799,
				0.0,
				-0.03365906082927847,
				0.0075245238998588836,
				0.99940504759790505,
				0.0,
				0.011498205828084709,
				-0.0040285304462396613,
				0.014928055022212609,
				1.0
			],
			"uncertain" : true,
			"version_major" : 1,
			"version_minor" : 0
		},
		{
			"class_name" : "PoseGraphEdge",
			"confidence" : 0.39164512978272953,
			"information" : 
			[
				73256.893628889389,
				15.925931899751816,
				-3128.7887688454757,
				0.0,
				-135756.20059230924,
				275.03999033759465,
				15.925931899751816,
				77129.013854738965,
				-194.22671116254969,
				135756.20059230924,
				0.0,
				-4855.2418550170842,
				-3128.7887688454757,
				-194.22671116254969,
				13300.776772209221,
				-275.03999033759465,
				4855.2418550170842,
				0.0,
				0.0,
				135756.20059230924,
				-275.03999033759465,
				271609.0,
				0.0,
				0.0,
				-135756.20059230924,
				0.0,
				4855.2418550170842,
				0.0,
				271609.0,
				0.0,
				275.03999033759465,
				-4855.2418550170842,
				0.0,
				0.0,
				0.0,
				271609.0
			],
			"source_node_id" : 0,
			"target_node_id" : 75,
			"transformation" : 
			[
				0.99764494588052732,
				-0.040102746208818624,
				0.055644691620590624,
				0.0,
				0.042073725189884725,
				0.99851129652155679,
				-0.034712999978199974,
				0.0,
				-0.054169766546345831,
				0.036972428448122749,
				0.9978470203026929,
				0.0,
				0.031933518127254389,
				-0.014068512825906886,
				0.029993957322921479,
				1.0
			],
			"uncertain" : true,
			"version_major" : 1,
			"version_minor" : 0
		},
		{
			"class_name" : "PoseGraphEdge",
			"confidence" : 0.99780966579136732,
			"information" : 
			[
				76030.484758115999,
				-343.65996100081583,
				-569.39028162220541,
				0.0,
				-138446.6863515377,
				2445.1679313726199,
				-343.65996100081583,
				79476.990055260889,
				-1249.1067763844394,
				138446.6863515377,
				0.0,
				588.41513095761184,
				-569.39028162220541,
				-1249.1067763844394,
				12937.770864611588,
				-2445.1679313726199,
				-588.41513095761184,
				0.0,
				0.0,
				138446.6863515377,
				-2445.1679313726199,
				271676.0,
				0.0,
				0.0,
				-138446.6863515377,
				0.0,
				-588.41513095761184,
				0.0,
				271676.0,
				0.0,
				2445.1679313726199,
				588.41513095761184,
				0.0,
				0.0,
				0.0,
				271676.0
			],
			"source_node_id" : 0,
			"target_node_id" : 80,
			"transformation" : 
			[
				0.99576282935380855,
				0.030629597717212048,
				0.086707643382685981,
				0.0,
				-0.025683964885118222,
				0.99800987579360845,
				-0.057590118650726892,
				0.0,
				-0.088299046569469242,
				0.055119103422557318,
				0.99456782715550129,
				0.0,
				0.025855534444080092,
				-0.014212143420466608,
				0.042097738379165257,
				1.0
			],
			"uncertain" : true,
			"version_major" : 1,
			"version_minor" : 0
		},
		{
			"class_name" : "PoseGraphEdge",
			"confidence" : 0.99843757742778716,
			"information" : 
			[
				79945.917358988794,
				-230.22258447418474,
				-2579.4095566992432,
				0.0,
				-142657.69696053863,
				3428.6064471509017,
				-230.22258447418474,
				83786.459785567262,
				-1693.627287538784,
				142657.69696053863,
				0.0,
				-3244.4586628440884,
				-2579.4095566992432,
				-1693.627287538784,
				13451.226500740973,
				-3428.6064471509017,
				3244.4586628440884,
				0.0,
				0.0,
				142657.69696053863,
				-3428.6064471509017,
				273522.0,
				0.0,
				0.0,
				-142657.69696053863,
				0.0,
				3244.4586628440884,
				0.0,
				273522.0,
				0.0,
				3428.6064471509017,
				-3244.4586628440884,
				0.0,
				0.0,
				0.0,
				273522.0
			],
			"source_node_id" : 0,
			"target_node_id" : 95,
			"transformation" : 
			[
				0.99704419267460331,
				0.036789155426357356,
				0.067449506275907942,
				0.0,
				-0.031520301284702935,
				0.99648765466547329,
				-0.077581084719318141,
				0.0,
				-0.070066742901108134,
				0.07522574122147184,
				0.99470183441919424,
				0.0,
				0.034691070521042748,
				-0.021606047268329716,
				0.052513518222583322,
				1.0
			],
			"uncertain" : true,
			"version_major" : 1,
			"version_minor" : 0
		},
		{
			"class_name" : "PoseGraphEdge",
			"confidence" : 1.0,
			"information" : 
			[
				67862.374773726682,
				-27.252754189947694,
				-1184.9495651266377,
				0.0,
				-132463.85467147827,
				-149.10416334349429,
				-27.252754189947694,
				71840.159213527659,
				-154.63999639882877,
				132463.85467147827,
				0.0,
				-2220.2551382823149,
				-1184.9495651266377,
				-154.63999639882877,
				13746.834479006691,
				149.10416334349429,
				2220.2551382823149,
				0.0,
				0.0,
				132463.85467147827,
				149.10416334349429,
				281570.0,
				0.0,
				0.0,
				-132463.85467147827,
				0.0,
				2220.2551382823149,
				0.0,
				281570.0,
				0.0,
				-149.10416334349429,
				-2220.2551382823149,
				0.0,
				0.0,
				0.0,
				281570.0
			],
			"source_node_id" : 1,
			"target_node_id" : 2,
			"transformation" : 
			[
				0.99999990860593835,
				-0.00042647871032192399,
				-3.006700374981099e-05,
				0.0,
				0.00042647361600344234,
				0.99999989473979489,
				-0.00016923549960195559,
				0.0,
				3.0139175922563061e-05,
				0.00016922266135102431,
				0.99999998522766032,
				0.0,
				0.00025888306526651231,
				-0.00037872067222124496,
				1.9417915965320916e-05,
				1.0
			],
			"uncertain" : false,
			"version_major" : 1,
			"version_minor" : 0
		},
		{
			"class_name" : "PoseGraphEdge",
			"confidence" : 1.0,
			"information" : 
			[
				68489.969004258179,
				-36.078379602488944,
				-1098.187401905348,
				0.0,
				-133771.22073537111,
				-98.162430256372318,
				-36.078379602488944,
				72494.692937546381,
				-179.47244522903657,
				133771.22073537111,
				0.0,
				-2026.641433559882,
				-1098.187401905348,
				-179.47244522903657,
				13830.245513061891,
				98.162430256372318,
				2026.641433559882,
				0.0,
				0.0,
				133771.22073537111,
				98.162430256372318,
				284434.0,
				0.0,
				0.0,
				-133771.22073537111,
				0.0,
				2026.641433559882,
				0.0,
				284434.0,
				0.0,
				-98.162430256372318,
				-2026.641433559882,
				0.0,
				0.0,
				0.0,
				284434.0
			],
			"source_node_id" : 2,
			"target_node_id" : 3,
			"transformation" : 
			[
				0.99999952038092943,
				-0.00097724050538145315,
				6.5106883677779601e-05,
				0.0,
				0.00097723093379179101,
				0.99999951172235813,
				0.00014688344802065592,
				0.0,
				-6.5250392342519625e-05,
				-0.00014681975311182065,
				0.99999998709317295,
				0.0,
				-0.00025590016917325493,
				0.00026039738501000038,
				4.3789878053213861e-05,
				1.0
			],
			"uncertain" : false,
			"version_major" : 1,
			"version_minor" : 0
		},
		{
			"class_name" : "PoseGraphEdge",
			"confidence" : 1.0,
			"information" : 
			[
				67902.482531844667,
				-27.001960701907109,
				-1166.4804039338164,
				0.0,
				-132549.58465757966,
				-164.7656419800478,
				-27.001960701907109,
				71885.327422735922,
				-147.20297609177942,
				132549.58465757966,
				0.0,
				-2181.0068964970415,
				-1166.4804039338164,
				-147.20297609177942,
				13755.097090399893,
				164.7656419800478,
				2181.0068964970415,
				0.0,
				0.0,
				132549.58465757966,
				164.7656419800478,
				281761.0,
				0.0,
				0.0,
				-132549.58465757966,
				0.0,
				2181.0068964970415,
				0.0,
				281761.0,
				0.0,
				-164.7656419800478,
				-2181.0068964970415,
				0.0,
				0.0,
				0.0,
				281761.0
			],
			"source_node_id" : 3,
			"target_node_id" : 4,
			"transformation" : 
			[
				0.99999872543749502,
				0.0015897097911348509,
				-0.00014814238702527677,
				0.0,
				-0.0015898113389964778,
				0.99999849964783138,
				-0.00068789678820861775,
				0.0,
				0.00014704860850001908,
				0.0006881314298878428,
				0.99999975242589056,
				0.0,
				-0.00023361709409220021,
				-0.00039809833061592119,
				7.1690533739392743e-05,
				1.0
			],
			"uncertain" : false,
			"version_major" : 1,
			"version_minor" : 0
		},
		{
			"class_name" : "PoseGraphEdge",
			"confidence" : 1.0,
			"information" : 
			[
				68548.405874030694,
				-27.158019719100125,
				-1088.3877458340551,
				0.0,
				-133917.40171962976,
				-100.43828684266191,
				-27.158019719100125,
				72561.981956484437,
				-177.55624884881945,
				133917.40171962976,
				0.0,
				-2000.673236308503,
				-1088.3877458340551,
				-177.55624884881945,
				13839.109527226119,
				100.43828684266191,
				2000.673236308503,
				0.0,
				0.0,
				133917.40171962976,
				100.43828684266191,
				284795.0,
				0.0,
				0.0,
				-133917.40171962976,
				0.0,
				2000.673236308503,
				0.0,
				284795.0,
				0.0,
				-100.43828684266191,
				-2000.673236308503,
				0.0,
				0.0,
				0.0,
				284795.0
			],
			"source_node_id" : 4,
			"target_node_id" : 5,
			"transformation" : 
			[
				0.99999886625620238,
				-0.0014618503206007018,
				-0.00036122008502956167,
				0.0,
				0.0014618114576539355,
				0.99999892573954985,
				-0.00010782860662912745,
				0.0,
				0.0003613773262682808,
				0.0001073004487200819,
				0.99999992894651757,
				0.0,
				-0.00037283130781443389,
				-0.00011294214635757451,
				2.3336680492400149e-05,
				1.0
			],
			"uncertain" : false,
			"version_major" : 1,
			"version_minor" : 0
		},
		{
			"class_name" : "PoseGraphEdge",
			"confidence" : 1.0,
			"information" : 
			[
				67989.120525601116,
				-29.153656278128267,
				-1185.9702652713368,
				0.0,
				-132728.68471819162,
				-136.48402142777923,
				-29.153656278128267,
				71964.38557320516,
				-160.84423850724761,
				132728.68471819162,
				0.0,
				-2217.7834484057967,
				-1185.9702652713368,
				-160.84423850724761,
				13757.482359251382,
				136.48402142777923,
				2217.7834484057967,
				0.0,
				0.0,
				132728.68471819162,
				136.48402142777923,
				282157.0,
				0.0,
				0.0,
				-132728.68471819162,
				0.0,
				2217.7834484057967,
				0.0,
				282157.0,
				0.0,
				-136.48402142777923,
				-2217.7834484057967,
				0.0,
				0.0,
				0.0,
				282157.0
			],
			"source_node_id" : 5,
			"target_node_id" : 6,
			"transformation" : 
			[
				0.99999899784359492,
				-0.0013782129749271746,
				0.00032379129179788005,
				0.0,
				0.0013780176585352151,
				0.99999886892890244,
				0.00060266761108887415,
				0.0,
				-0.00032462152988807909,
				-0.00060222081700388988,
				0.99999976597544737,
				0.0,
				0.00036429175875916085,
				0.00039675067170042615,
				5.7634319449777798e-05,
				1.0
			],
			"uncertain" : false,
			"version_major" : 1,
			"version_minor" : 0
		},
		{
			"class_name" : "PoseGraphEdge",
			"confidence" : 0.99792575462654554,
			"information" : 
			[
				67930.675268061896,
				-32.216306044261032,
				-1184.1358144671103,
				0.0,
				-132611.87357372046,
				-134.26916471435106,
				-32.216306044261032,
				71912.068216167187,
				-162.63018309902964,
				132611.87357372046,
				0.0,
				-2213.845228110149,
				-1184.1358144671103,
				-162.63018309902964,
				13753.506154450348,
				134.26916471435106,
				2213.845228110149,
				0.0,
				0.0,
				132611.87357372046,
				134.26916471435106,
				281898.0,
				0.0,
				0.0,
				-132611.87357372046,
				0.0,
				2213.845228110149,
				0.0,
				281898.0,
				0.0,
				-134.26916471435106,
				-2213.845228110149,
				0.0,
				0.0,
				0.0,
				281898.0
			],
			"source_node_id" : 5,
			"target_node_id" : 10,
			"transformation" : 
			[
				0.9999995136393941,
				0.00090513730245409462,
				-0.00039172367740565416,
				0.0,
				-0.00090492009298319702,
				0.99999943692480464,
				0.00055431912952274816,
				0.0,
				0.00039222519175714831,
				-0.00055396438129674548,
				0.9999997696414048,
				0.0,
				-0.00030080326030264152,
				0.00052047804452992152,
				0.00014245841169452543,
				1.0
			],
			"uncertain" : true,
			"version_major" : 1,
			"version_minor" : 0
		},
		{
			"class_name" : "PoseGraphEdge",
			"confidence" : 0.99981918548944537,
			"information" : 
			[
				67943.191979818264,
				-26.731084478631317,
				-1192.3957559117273,
				0.0,
				-132616.998116225,
				-115.59085219950066,
				-26.731084478631317,
				71921.02314902455,
				-171.18119323155952,
				132616.998116225,
				0.0,
				-2232.2251373249164,
				-1192.3957559117273,
				-171.18119323155952,
				13757.511257900154,
				115.59085219950066,
				2232.2251373249164,
				0.0,
				0.0,
				132616.998116225,
				115.59085219950066,
				281881.0,
				0.0,
				0.0,
				-132616.998116225,
				0.0,
				2232.2251373249164,
				0.0,
				281881.0,
				0.0,
				-115.59085219950066,
				-2232.2251373249164,
				0.0,
				0.0,
				0.0,
				281881.0
			],
			"source_node_id" : 5,
			"target_node_id" : 15,
			"transformation" : 
			[
				0.99999961980094887,
				0.00058400451721376536,
				-0.00064756210465138182,
				0.0,
				-0.00058385936665705893,
				0.99999980439534764,
				0.00022431563739186679,
				0.0,
				0.00064769297933062642,
				-0.00022393746690680701,
				0.99999976517288047,
				0.0,
				-0.00010715558557022766,
				6.8505053502407591e-05,
				0.00011664255007866076,
				1.0
			],
			"uncertain" : true,
			"version_major" : 1,
			"version_minor" : 0
		},
		{
			"class_name" : "PoseGraphEdge",
			"confidence" : 0.99963750230675918,
			"information" : 
			[
				67933.822748661216,
				-25.377387333258895,
				-1162.7847843989321,
				0.0,
				-132603.31361228228,
				-86.976323440350825,
				-25.377387333258895,
				71923.995655536113,
				-184.76574563978647,
				132603.31361228228,
				0.0,
				-2167.1855026896228,
				-1162.7847843989321,
				-184.76574563978647,
				13758.199716106019,
				86.976323440350825,
				2167.1855026896228,
				0.0,
				0.0,
				132603.31361228228,
				86.976323440350825,
				281841.0,
				0.0,
				0.0,
				-132603.31361228228,
				0.0,
				2167.1855026896228,
				0.0,
				281841.0,
				0.0,
				-86.976323440350825,
				-2167.1855026896228,
				0.0,
				0.0,
				0.0,
				281841.0
			],
			"source_node_id" : 5,
			"target_node_id" : 20,
			"transformation" : 
			[
				0.99999905342761686,
				0.0013629177628077748,
				-0.00018867708258921376,
				0.0,
				-0.0013627125326959536,
				0.99999848438936934,
				0.0010836205596700928,
				0.0,
				0.00019015368233723081,
				-0.0010833624213200882,
				0.99999939508353708,
				0.0,
				9.8002018911133457e-05,
				0.0006426429115068224,
				0.00014292870949424416,
				1.0
			],
			"uncertain" : true,
			"version_major" : 1,
			"version_minor" : 0
		},
		{
			"class_name" : "PoseGraphEdge",
			"confidence" : 0.99860012947262655,
			"information" : 
			[
				67942.656655483501,
				-27.239584964533549,
				-1167.4503944975381,
				0.0,
				-132634.70558544993,
				-119.67585550356307,
				-27.239584964533549,
				71933.67229368753,
				-169.63921478231623,
				132634.70558544993,
				0.0,
				-2176.4324771314568,
				-1167.4503944975381,
				-169.63921478231623,
				13757.682644628854,
				119.67585550356307,
				2176.4324771314568,
				0.0,
				0.0,
				132634.70558544993,
				119.67585550356307,
				281934.0,
				0.0,
				0.0,
				-132634.70558544993,
				0.0,
				2176.4324771314568,
				0.0,
				281934.0,
				0.0,
				-119.67585550356307,
				-2176.4324771314568,
				0.0,
				0.0,
				0.0,
				281934.0
			],
			"source_node_id" : 5,
			"target_node_id" : 25,
			"transformation" : 
			[
				0.99999939828306661,
				0.0010797540619816577,
				0.00019381607406637077,
				0.0,
				-0.0010798259174848595,
				0.99999934815997416,
				0.00037101969657280795,
				0.0,
				-0.00019341533770490384,
				-0.00037122876094410144,
				0.99999991238985342,
				0.0,
				0.0001411092698973054,
				0.0003657316492848049,
				0.00010030525544374035,
				1.0
			],
			"uncertain" : true,
			"version_major" : 1,
			"version_minor" : 0
		},
		{
			"class_name" : "PoseGraphEdge",
			"confidence" : 0.99977322085759168,
			"information" : 
			[
				67927.488273231371,
				-31.17390105679037,
				-1184.8983498534542,
				0.0,
				-132588.4504635036,
				-127.76102436133078,
				-31.17390105679037,
				71917.451982406899,
				-165.54220961669216,
				132588.4504635036,
				0.0,
				-2219.3158788645524,
				-1184.8983498534542,
				-165.54220961669216,
				13753.482032211865,
				127.76102436133078,
				2219.3158788645524,
				0.0,
				0.0,
				132588.4504635036,
				127.76102436133078,
				281795.0,
				0.0,
				0.0,
				-132588.4504635036,
				0.0,
				2219.3158788645524,
				0.0,
				281795.0,
				0.0,
				-127.76102436133078,
				-2219.3158788645524,
				0.0,
				0.0,
				0.0,
				281795.0
			],
			"source_node_id" : 5,
			"target_node_id" : 30,
			"transformation" : 
			[
				0.9999996703099181,
				0.0005975074152127078,
				0.0005498772077645001,
				0.0,
				-0.00059751681153179899,
				0.99999982134360421,
				1.6923909171482457e-05,
				0.0,
				-0.00054986699736424424,
				-1.7252464467922158e-05,
				0.99999984867430669,
				0.0,
				0.00054639247196444987,
				0.00030984686585539467,
				0.00011791506869246461,
				1.0
			],
			"uncertain" : true,
			"version_major" : 1,
			"version_minor" : 0
		},
		{
			"class_name" : "PoseGraphEdge",
			"confidence" : 0.99832712492335107,
			"information" : 
			[
				67948.93934079606,
				-26.781994008372322,
				-1155.9468030557359,
				0.0,
				-132631.61674690247,
				-131.54682868981035,
				-26.781994008372322,
				71940.64303891547,
				-163.78731356418302,
				132631.61674690247,
				0.0,
				-2155.4834074591927,
				-1155.9468030557359,
				-163.78731356418302,
				13761.384460339183,
				131.54682868981035,
				2155.4834074591927,
				0.0,
				0.0,
				132631.61674690247,
				131.54682868981035,
				281898.0,
				0.0,
				0.0,
				-132631.61674690247,
				0.0,
				2155.4834074591927,
				0.0,
				281898.0,
				0.0,
				-131.54682868981035,
				-2155.4834074591927,
				0.0,
				0.0,
				0.0,
				281898.0
			],
			"source_node_id" : 5,
			"target_node_id" : 35,
			"transformation" : 
			[
				0.99999990251803783,
				0.00040760684621888498,
				0.00016976623064571302,
				0.0,
				-0.0004075832365503746,
				0.99999990726590449,
				-0.00013908302854385432,
				0.0,
				-0.00016982290609702635,
				0.00013901382111651859,
				0.99999997591766965,
				0.0,
				-0.0001163690300024504,
				0.00024260982582859509,
				0.00011012512092148599,
				1.0
			],
			"uncertain" : true,
			"version_major" : 1,
			"version_minor" : 0
		},
		{
			"class_name" : "PoseGraphEdge",
			"confidence" : 0.9998363155054063,
			"information" : 
			[
				67992.487460768098,
				-31.199054547283239,
				-1153.8186676758805,
				0.0,
				-132717.96903517842,
				-191.23325553521863,
				-31.199054547283239,
				71980.170177092077,
				-135.81416989096851,
				132717.96903517842,
				0.0,
				-2147.8363407552533,
				-1153.8186676758805,
				-135.81416989096851,
				13766.959011883453,
				191.23325553521863,
				2147.8363407552533,
				0.0,
				0.0,
				132717.96903517842,
				191.23325553521863,
				282092.0,
				0.0,
				0.0,
				-132717.96903517842,
				0.0,
				2147.8363407552533,
				0.0,
				282092.0,
				0.0,
				-191.23325553521863,
				-2147.8363407552533,
				0.0,
				0.0,
				0.0,
				282092.0
			],
			"source_node_id" : 5,
			"target_node_id" : 45,
			"transformation" : 
			[
				0.9999990744018481,
				0.0013596533881299279,
				5.0379690541554202e-05,
				0.0,
				-0.0013596183763707242,
				0.99999883863719474,
				-0.00068859431589805842,
				0.0,
				-5.1315881627215831e-05,
				0.000688525181383158,
				0.99999976164984905,
				0.0,
				-0.00012446194980271651,
				-0.00046336853820474496,
				0.00015646369241825749,
				1.0
			],
			"uncertain" : true,
			"version_major" : 1,
			"version_minor" : 0
		},
		{
			"class_name" : "PoseGraphEdge",
			"confidence" : 0.99979845808310186,
			"information" : 
			[
				67946.034475671244,
				-24.438914426644359,
				-1169.488015658193,
				0.0,
				-132616.97413095832,
				-161.30932068519178,
				-24.438914426644359,
				71935.327400396432,
				-148.3819339083293,
				132616.97413095832,
				0.0,
				-2183.5845517358975,
				-1169.488015658193,
				-148.3819339083293,
				13757.593612339013,
				161.30932068519178,
				2183.5845517358975,
				0.0,
				0.0,
				132616.97413095832,
				161.30932068519178,
				281846.0,
				0.0,
				0.0,
				-132616.97413095832,
				0.0,
				2183.5845517358975,
				0.0,
				281846.0,
				0.0,
				-161.30932068519178,
				-2183.5845517358975,
				0.0,
				0.0,
				0.0,
				281846.0
			],
			"source_node_id" : 5,
			"target_node_id" : 50,
			"transformation" : 
			[
				0.99999854328973325,
				0.0015500599257457968,
				-0.00071465560807229859,
				0.0,
				-0.0015506829893437357,
				0.99999841740253981,
				-0.00087210932907021946,
				0.0,
				0.00071330265533838292,
				0.00087321626295382225,
				0.99999936434613756,
				0.0,
				-0.00057202726074789139,
				-0.00052278204064236237,
				7.7053930759095877e-05,
				1.0
			],
			"uncertain" : true,
			"version_major" : 1,
