{
	"class_name" : "PoseGraph",
	"edges" : 
	[
		{
			"class_name" : "PoseGraphEdge",
			"confidence" : 1.0,
			"information" : 
			[
				71809.475120655028,
				-44.060595087446387,
				-1940.8306838225769,
				0.0,
				-126583.89966484904,
				-2308.3375303449866,
				-44.060595087446387,
				75007.312014412717,
				1589.7678815551089,
				126583.89966484904,
				0.0,
				-2697.4453902814712,
				-1940.8306838225769,
				1589.7678815551089,
				13664.829630896584,
				2308.3375303449866,
				2697.4453902814712,
				0.0,
				0.0,
				126583.89966484904,
				2308.3375303449866,
				242733.0,
				0.0,
				0.0,
				-126583.89966484904,
				0.0,
				2697.4453902814712,
				0.0,
				242733.0,
				0.0,
				-2308.3375303449866,
				-2697.4453902814712,
				0.0,
				0.0,
				0.0,
				242733.0
			],
			"source_node_id" : 0,
			"target_node_id" : 1,
			"transformation" : 
			[
				0.99419746164278111,
				0.036727437149972966,
				-0.10110639259436419,
				0.0,
				-0.035890703703554461,
				0.99930485324429374,
				0.010083038731643641,
				0.0,
				0.10140643298486826,
				-0.0063957519335063875,
				0.99482452206732941,
				0.0,
				-0.02915634874005427,
				0.0022301342285755811,
				-0.0018731536600250663,
				1.0
			],
			"uncertain" : false,
			"version_major" : 1,
			"version_minor" : 0
		},
		{
			"class_name" : "PoseGraphEdge",
			"confidence" : 1.0,
			"information" : 
			[
				12739.364936710159,
				-280.50159057755195,
				-1537.9474326611357,
				0.0,
				-23865.936773389578,
				-904.41211921192007,
				-280.50159057755195,
				12119.467751662762,
				507.46284467875694,
				23865.936773389578,
				0.0,
				-3103.1066517366271,
				-1537.9474326611357,
				507.46284467875694,
				1332.6912348490137,
				904.41211921192007,
				3103.1066517366271,
				0.0,
				0.0,
				23865.936773389578,
				904.41211921192007,
				48974.0,
				0.0,
				0.0,
				-23865.936773389578,
				0.0,
				3103.1066517366271,
				0.0,
				48974.0,
				0.0,
				-904.41211921192007,
				-3103.1066517366271,
				0.0,
				0.0,
				0.0,
				48974.0
			],
			"source_node_id" : 0,
			"target_node_id" : 20,
			"transformation" : 
			[
				0.45734049257253606,
				0.026050274196021614,
				0.88891003879347708,
				0.0,
				0.31645314076635284,
				0.92937528632501354,
				-0.19004995887242099,
				0.0,
				-0.83108187536043676,
				0.36821591543903981,
				0.41679726014546786,
				0.0,
				0.44891514516894121,
				-0.22071367423258176,
				0.027063602022785006,
				1.0
			],
			"uncertain" : true,
			"version_major" : 1,
			"version_minor" : 0
		},
		{
			"class_name" : "PoseGraphEdge",
			"confidence" : 1.0,
			"information" : 
			[
				70927.23929869743,
				-146.85901233770144,
				1773.9906210006761,
				0.0,
				-125629.59564909339,
				-2028.1615791506774,
				-146.85901233770144,
				74349.072358344099,
				1497.1287503504709,
				125629.59564909339,
				0.0,
				3118.3645131098747,
				1773.9906210006761,
				1497.1287503504709,
				13479.143122640153,
				2028.1615791506774,
				-3118.3645131098747,
				0.0,
				0.0,
				125629.59564909339,
				2028.1615791506774,
				241428.0,
				0.0,
				0.0,
				-125629.59564909339,
				0.0,
				-3118.3645131098747,
				0.0,
				241428.0,
				0.0,
				-2028.1615791506774,
				3118.3645131098747,
				0.0,
				0.0,
				0.0,
				241428.0
			],
			"source_node_id" : 0,
			"target_node_id" : 25,
			"transformation" : 
			[
				0.98208818244433949,
				-0.042559472850069245,
				-0.18355242622721774,
				0.0,
				0.043703338646883201,
				0.99904215415819109,
				0.0021891564756501541,
				0.0,
				0.1832834419534119,
				-0.010171798547122465,
				0.98300748441709518,
				0.0,
				-0.096035601595076514,
				-0.0037217234993088644,
				0.00082985045915764661,
				1.0
			],
			"uncertain" : true,
			"version_major" : 1,
			"version_minor" : 0
		},
		{
			"class_name" : "PoseGraphEdge",
			"confidence" : 1.0,
			"information" : 
			[
				57418.427536317729,
				704.52230730355689,
				2056.1872386242476,
				0.0,
				-106069.48199856281,
				-4225.5537094304455,
				704.52230730355689,
				60535.811912270685,
				2517.5093062214428,
				106069.48199856281,
				0.0,
				4111.0486344603996,
				2056.1872386242476,
				2517.5093062214428,
				10125.335540446151,
				4225.5537094304455,
				-4111.0486344603996,
				0.0,
				0.0,
				106069.48199856281,
				4225.5537094304455,
				210690.0,
				0.0,
				0.0,
				-106069.48199856281,
				0.0,
				-4111.0486344603996,
				0.0,
				210690.0,
				0.0,
				-4225.5537094304455,
				4111.0486344603996,
				0.0,
				0.0,
				0.0,
				210690.0
			],
			"source_node_id" : 0,
			"target_node_id" : 45,
			"transformation" : 
			[
				0.85185327471031569,
				-0.50631304804979349,
				-0.13413834552370649,
				0.0,
				0.50884174402143179,
				0.86068657004530436,
				-0.017283161888902134,
				0.0,
				0.12420176289625856,
				-0.053532471624021902,
				0.99081188758274674,
				0.0,
				-0.076685564955044305,
				-0.011964627683783046,
				-0.013050491924447863,
				1.0
			],
			"uncertain" : true,
			"version_major" : 1,
			"version_minor" : 0
		},
		{
			"class_name" : "PoseGraphEdge",
			"confidence" : 1.0,
			"information" : 
			[
				61809.319209823545,
				160.15360152644564,
				1666.9806931685043,
				0.0,
				-113746.51591828465,
				-3421.9052229840308,
				160.15360152644564,
				65145.892861298009,
				2069.0266992922452,
				113746.51591828465,
				0.0,
				3365.0818784470612,
				1666.9806931685043,
				2069.0266992922452,
				11438.146370652579,
				3421.9052229840308,
				-3365.0818784470612,
				0.0,
				0.0,
				113746.51591828465,
				3421.9052229840308,
				226109.0,
				0.0,
				0.0,
				-113746.51591828465,
				0.0,
				-3365.0818784470612,
				0.0,
				226109.0,
				0.0,
				-3421.9052229840308,
				3365.0818784470612,
				0.0,
				0.0,
				0.0,
				226109.0
			],
			"source_node_id" : 0,
			"target_node_id" : 50,
			"transformation" : 
			[
				0.95833846771809406,
				-0.24334594822407779,
				-0.14956647610564083,
				0.0,
				0.24675144726968992,
				0.96906898472892766,
				0.0043618925660196444,
				0.0,
				0.14387878426664696,
				-0.041085913880164492,
				0.98874205084975686,
				0.0,
				-0.070859064963179022,
				-0.006861717366083037,
				-0.01459534557193299,
				1.0
			],
			"uncertain" : true,
			"version_major" : 1,
			"version_minor" : 0
		},
		{
			"class_name" : "PoseGraphEdge",
			"confidence" : 1.0,
			"information" : 
			[
				58772.735872292644,
				189.99085687642949,
				1803.9539652732069,
				0.0,
				-109383.25062328577,
				-3360.7261930290842,
				189.99085687642949,
				62048.11306246047,
				1962.0419801951757,
				109383.25062328577,
				0.0,
				3638.8008438604884,
				1803.9539652732069,
				1962.0419801951757,
				10936.134162225615,
				3360.7261930290842,
				-3638.8008438604884,
				0.0,
				0.0,
				109383.25062328577,
				3360.7261930290842,
				219830.0,
				0.0,
				0.0,
				-109383.25062328577,
				0.0,
				-3638.8008438604884,
				0.0,
				219830.0,
				0.0,
				-3360.7261930290842,
				3638.8008438604884,
				0.0,
				0.0,
				0.0,
				219830.0
			],
			"source_node_id" : 0,
			"target_node_id" : 55,
			"transformation" : 
			[
				0.95171106596489041,
				-0.26884727188187363,
				-0.14821333044515286,
				0.0,
				0.27393051691341341,
				0.96163814725269814,
				0.014633716272594745,
				0.0,
				0.13859335779004858,
				-0.054527223935118344,
				0.98884713835173255,
				0.0,
				-0.070159773322024374,
				-0.0021167650889819811,
				-0.019841712189122281,
				1.0
			],
			"uncertain" : true,
			"version_major" : 1,
			"version_minor" : 0
		},
		{
			"class_name" : "PoseGraphEdge",
			"confidence" : 1.0,
			"information" : 
			[
				84161.192353430786,
				42.781200196722025,
				-958.75365046420154,
				0.0,
				-148616.96589031816,
				-1787.5832017344073,
				42.781200196722025,
				89096.6054776565,
				1347.3229870572377,
				148616.96589031816,
				0.0,
				-872.6672951465589,
				-958.75365046420154,
				1347.3229870572377,
				16897.826813446693,
				1787.5832017344073,
				872.6672951465589,
				0.0,
				0.0,
				148616.96589031816,
				1787.5832017344073,
				284819.0,
				0.0,
				0.0,
				-148616.96589031816,
				0.0,
				872.6672951465589,
				0.0,
				284819.0,
				0.0,
				-1787.5832017344073,
				-872.6672951465589,
				0.0,
				0.0,
				0.0,
				284819.0
			],
			"source_node_id" : 1,
			"target_node_id" : 2,
			"transformation" : 
			[
				0.99999199355097501,
				0.0023078202307586617,
				-0.0032690671038170809,
				0.0,
				-0.0023190680419819319,
				0.99999139041763951,
				-0.0034410774494115642,
				0.0,
				0.0032610975703612479,
				0.0034486310876479277,
				0.99998873602969041,
				0.0,
				-0.0017615012470352071,
				-0.0038592523035337269,
				-5.3811375676378798e-06,
				1.0
			],
			"uncertain" : false,
			"version_major" : 1,
			"version_minor" : 0
		},
		{
			"class_name" : "PoseGraphEdge",
			"confidence" : 1.0,
			"information" : 
			[
				75109.813305368792,
				101.67166536129531,
				2078.2032802054546,
				0.0,
				-133393.51756265759,
				-1603.4476403974404,
				101.67166536129531,
				78997.796322530761,
				1198.8742936716026,
				133393.51756265759,
				0.0,
				3289.2025838527479,
				2078.2032802054546,
				1198.8742936716026,
				14771.305266446239,
				1603.4476403974404,
				-3289.2025838527479,
				0.0,
				0.0,
				133393.51756265759,
				1603.4476403974404,
				257437.0,
				0.0,
				0.0,
				-133393.51756265759,
				0.0,
				-3289.2025838527479,
				0.0,
				257437.0,
				0.0,
				-1603.4476403974404,
				3289.2025838527479,
				0.0,
				0.0,
				0.0,
				257437.0
			],
			"source_node_id" : 2,
			"target_node_id" : 3,
			"transformation" : 
			[
				0.99740312257073604,
				-0.012780458599888267,
				-0.070877859477579852,
				0.0,
				0.012824795799786983,
				0.99991774438975289,
				0.0001704910625371186,
				0.0,
				0.070869850422029118,
				-0.0010790423926708848,
				0.99748498733999691,
				0.0,
				-0.032849720522892589,
				-0.00114369722030221,
				-0.001286464555217304,
				1.0
			],
			"uncertain" : false,
			"version_major" : 1,
			"version_minor" : 0
		},
		{
			"class_name" : "PoseGraphEdge",
			"confidence" : 1.0,
			"information" : 
			[
				80791.8698361649,
				205.97453368912323,
				2209.3335549980757,
				0.0,
				-144528.67004534602,
				-1879.0218397177232,
				205.97453368912323,
				85306.191061121004,
				1358.5649271136135,
				144528.67004534602,
				0.0,
				3306.9764992371493,
				2209.3335549980757,
				1358.5649271136135,
				15878.866141081689,
				1879.0218397177232,
				-3306.9764992371493,
				0.0,
				0.0,
				144528.67004534602,
				1879.0218397177232,
				280479.0,
				0.0,
				0.0,
				-144528.67004534602,
				0.0,
				-3306.9764992371493,
				0.0,
				280479.0,
				0.0,
				-1879.0218397177232,
				3306.9764992371493,
				0.0,
				0.0,
				0.0,
				280479.0
			],
			"source_node_id" : 3,
			"target_node_id" : 4,
			"transformation" : 
			[
				0.99983769569987213,
				-0.017884713597754807,
				-0.0021723897202296934,
				0.0,
				0.017876676793228779,
				0.99983348496337321,
				-0.0036642561082163893,
				0.0,
				0.0022375621557201345,
				0.0036248262747957775,
				0.99999092693387792,
				0.0,
				-0.0079758656285842597,
				-0.0057251396133686924,
				6.8226777220681064e-05,
				1.0
			],
			"uncertain" : false,
			"version_major" : 1,
			"version_minor" : 0
		},
		{
			"class_name" : "PoseGraphEdge",
			"confidence" : 1.0,
			"information" : 
			[
				79652.536058515194,
				143.59926747838617,
				2740.5321412340818,
				0.0,
				-142588.69075515866,
				-1275.6578876612184,
				143.59926747838617,
				83945.950924103963,
				1010.2828284329735,
				142588.69075515866,
				0.0,
				4142.5356814597326,
				2740.5321412340818,
				1010.2828284329735,
				15542.410979107106,
				1275.6578876612184,
				-4142.5356814597326,
				0.0,
				0.0,
				142588.69075515866,
				1275.6578876612184,
				277060.0,
				0.0,
				0.0,
				-142588.69075515866,
				0.0,
				-4142.5356814597326,
				0.0,
				277060.0,
				0.0,
				-1275.6578876612184,
				4142.5356814597326,
				0.0,
				0.0,
				0.0,
				277060.0
			],
			"source_node_id" : 4,
			"target_node_id" : 5,
			"transformation" : 
			[
				0.99964385229074959,
				-0.026653711753169027,
				-0.0013222053881632066,
				0.0,
				0.026650110382695397,
				0.99964125581073326,
				-0.0026704489752238068,
				0.0,
				0.0013929084319003518,
				0.0026342609813954669,
				0.99999556022773517,
				0.0,
				-0.013650465081240487,
				-0.0036917894514625015,
				-0.00027602979505451448,
				1.0
			],
			"uncertain" : false,
			"version_major" : 1,
			"version_minor" : 0
		},
		{
			"class_name" : "PoseGraphEdge",
			"confidence" : 1.0,
			"information" : 
			[
				81122.010265555931,
				109.54187771378959,
				1904.2969700697111,
				0.0,
				-145029.73658430576,
				-839.53394640225451,
				109.54187771378959,
				85607.496789734825,
				787.18775503304096,
				145029.73658430576,
				0.0,
				2550.620092519297,
				1904.2969700697111,
				787.18775503304096,
				16095.633238054343,
				839.53394640225451,
				-2550.620092519297,
				0.0,
				0.0,
				145029.73658430576,
				839.53394640225451,
				281680.0,
				0.0,
				0.0,
				-145029.73658430576,
				0.0,
				-2550.620092519297,
				0.0,
				281680.0,
				0.0,
				-839.53394640225451,
				2550.620092519297,
				0.0,
				0.0,
				0.0,
				281680.0
			],
			"source_node_id" : 5,
			"target_node_id" : 6,
			"transformation" : 
			[
				0.99994631237780518,
				-0.010083557770407812,
				0.0023862574710746595,
				0.0,
				0.010088126449890685,
				0.99994728874295924,
				-0.0019103508410856301,
				0.0,
				-0.0023668685553759044,
				0.0019343211460016135,
				0.99999532815655989,
				0.0,
				-0.0046905476233034026,
				-0.00096620007279798158,
				-0.00013839507750812202,
				1.0
			],
			"uncertain" : false,
			"version_major" : 1,
			"version_minor" : 0
		},
		{
			"class_name" : "PoseGraphEdge",
			"confidence" : 1.0,
			"information" : 
			[
				77562.947465992896,
				71.027985110354905,
				1779.0279052769638,
				0.0,
				-138505.44813019037,
				-565.5578320173081,
				71.027985110354905,
				81638.191745555188,
				708.550447967742,
				138505.44813019037,
				0.0,
				2854.8401489191165,
				1779.0279052769638,
				708.550447967742,
				15042.397291231297,
				565.5578320173081,
				-2854.8401489191165,
				0.0,
				0.0,
				138505.44813019037,
				565.5578320173081,
				268457.0,
				0.0,
				0.0,
				-138505.44813019037,
				0.0,
				-2854.8401489191165,
				0.0,
				268457.0,
				0.0,
				-565.5578320173081,
				2854.8401489191165,
				0.0,
				0.0,
				0.0,
				268457.0
			],
			"source_node_id" : 5,
			"target_node_id" : 10,
			"transformation" : 
			[
				0.99951218248277029,
				-0.027428319515751483,
				0.014936008739606236,
				0.0,
				0.027645807357040461,
				0.99951181317884918,
				-0.014554884111691903,
				0.0,
				-0.014529501165049058,
				0.014960702004559132,
				0.9997825118451642,
				0.0,
				-0.01083626164046844,
				-0.004891800604133161,
				0.0024682489529830637,
				1.0
			],
			"uncertain" : true,
			"version_major" : 1,
			"version_minor" : 0
		},
		{
			"class_name" : "PoseGraphEdge",
			"confidence" : 1.0,
			"information" : 
			[
				78140.782351512898,
				101.28551390860122,
				2443.382760814934,
				0.0,
				-138488.23834016919,
				-138.07396657683421,
				101.28551390860122,
				82207.105058392102,
				558.98249586037127,
				138488.23834016919,
				0.0,
				3875.0375685578329,
				2443.382760814934,
				558.98249586037127,
				14889.073804706204,
				138.07396657683421,
				-3875.0375685578329,
				0.0,
				0.0,
				138488.23834016919,
				138.07396657683421,
				266043.0,
				0.0,
				0.0,
				-138488.23834016919,
				0.0,
				-3875.0375685578329,
				0.0,
				266043.0,
				0.0,
				-138.07396657683421,
				3875.0375685578329,
				0.0,
				0.0,
				0.0,
				266043.0
			],
			"source_node_id" : 5,
			"target_node_id" : 15,
			"transformation" : 
			[
				0.99911289161561301,
				-0.041176267073586445,
				0.0088286373452039681,
				0.0,
				0.041374703928570081,
				0.99886459801149208,
				-0.023614586893770127,
				0.0,
				-0.0078462527560363305,
				0.023958920451993264,
				0.99968215271078209,
				0.0,
				-0.020349782804590384,
				-0.0070836307635439022,
				0.0068962469087844964,
				1.0
			],
			"uncertain" : true,
			"version_major" : 1,
			"version_minor" : 0
		},
		{
			"class_name" : "PoseGraphEdge",
			"confidence" : 1.0,
			"information" : 
			[
				75361.103419692765,
				130.41233921967927,
				2462.3377731333894,
				0.0,
				-134376.78794834018,
				-567.75550472358009,
				130.41233921967927,
				79002.020381856288,
				728.40759752543272,
				134376.78794834018,
				0.0,
				4157.5554749560251,
				2462.3377731333894,
				728.40759752543272,
				14212.029123424032,
				567.75550472358009,
				-4157.5554749560251,
				0.0,
				0.0,
				134376.78794834018,
				567.75550472358009,
				259962.0,
				0.0,
				0.0,
				-134376.78794834018,
				0.0,
				-4157.5554749560251,
				0.0,
				259962.0,
				0.0,
				-567.75550472358009,
				4157.5554749560251,
				0.0,
				0.0,
				0.0,
				259962.0
			],
			"source_node_id" : 5,
			"target_node_id" : 20,
			"transformation" : 
			[
				0.99818982437640547,
				-0.057907515503068767,
				0.016241741275565266,
				0.0,
				0.058158707939024702,
				0.99818786902027434,
				-0.015444831874292421,
				0.0,
				-0.015317937271832015,
				0.016361472703390171,
				0.99974879995362353,
				0.0,
				-0.023498324935728038,
				-0.0055747904901045668,
				0.003873438596079672,
				1.0
			],
			"uncertain" : true,
			"version_major" : 1,
			"version_minor" : 0
		},
		{
			"class_name" : "PoseGraphEdge",
			"confidence" : 1.0,
			"information" : 
			[
				74977.729300813604,
				134.07908059365644,
				2520.7454404959135,
				0.0,
				-133784.6298827529,
				-529.23416001943406,
				134.07908059365644,
				78567.842174784921,
				695.91402775571987,
				133784.6298827529,
				0.0,
				4279.3236821200117,
				2520.7454404959135,
				695.91402775571987,
				14110.678151715638,
				529.23416001943406,
				-4279.3236821200117,
				0.0,
				0.0,
				133784.6298827529,
				529.23416001943406,
				258995.0,
				0.0,
				0.0,
				-133784.6298827529,
				0.0,
				-4279.3236821200117,
				0.0,
				258995.0,
				0.0,
				-529.23416001943406,
				4279.3236821200117,
				0.0,
				0.0,
				0.0,
				258995.0
			],
			"source_node_id" : 5,
			"target_node_id" : 30,
			"transformation" : 
			[
				0.99810135699842362,
				-0.059462093609559993,
				0.016060528679764156,
				0.0,
				0.059691825668307628,
				0.99811549725652526,
				-0.014224629511638335,
				0.0,
				-0.015184436317823157,
				0.015156304296459353,
				0.99976983317850843,
				0.0,
				-0.024946128789584923,
				-0.0045120538819334388,
				0.003764025116301454,
				1.0
			],
			"uncertain" : true,
			"version_major" : 1,
			"version_minor" : 0
		},
		{
			"class_name" : "PoseGraphEdge",
			"confidence" : 1.0,
			"information" : 
			[
				72219.907731285872,
				165.89725822799062,
				3183.6015151570518,
				0.0,
				-129279.46419432759,
				-301.39557610818883,
				165.89725822799062,
				75255.882066985068,
				577.03395492370055,
				129279.46419432759,
				0.0,
				5807.4177514395269,
				3183.6015151570518,
				577.03395492370055,
				12868.645083574505,
				301.39557610818883,
				-5807.4177514395269,
				0.0,
				0.0,
				129279.46419432759,
				301.39557610818883,
				250593.0,
				0.0,
				0.0,
				-129279.46419432759,
				0.0,
				-5807.4177514395269,
				0.0,
				250593.0,
				0.0,
				-301.39557610818883,
				5807.4177514395269,
				0.0,
				0.0,
				0.0,
				250593.0
			],
			"source_node_id" : 5,
			"target_node_id" : 35,
			"transformation" : 
			[
				0.99428078777162987,
				-0.10066063667870508,
				0.035681245657396436,
				0.0,
				0.10142844342048521,
				0.99463365778428658,
				-0.020399942841785187,
				0.0,
				-0.033436296647852332,
				0.023902364445560195,
				0.99915498849797535,
				0.0,
				-0.033190186635065379,
				-0.0061226333486714048,
				0.0036080074797545194,
				1.0
			],
			"uncertain" : true,
			"version_major" : 1,
			"version_minor" : 0
		},
		{
			"class_name" : "PoseGraphEdge",
			"confidence" : 1.0,
			"information" : 
			[
				72114.873053206189,
				125.57274484057939,
				2111.0216884458705,
				0.0,
				-129121.87643623352,
				-525.40044259573915,
				125.57274484057939,
				75153.323929677368,
				695.20334617385834,
				129121.87643623352,
				0.0,
				4044.9386809587304,
				2111.0216884458705,
				695.20334617385834,
				13153.582205771281,
				525.40044259573915,
				-4044.9386809587304,
				0.0,
				0.0,
				129121.87643623352,
				525.40044259573915,
				250830.0,
				0.0,
				0.0,
				-129121.87643623352,
				0.0,
				-4044.9386809587304,
				0.0,
				250830.0,
				0.0,
				-525.40044259573915,
				4044.9386809587304,
				0.0,
				0.0,
				0.0,
				250830.0
			],
			"source_node_id" : 5,
			"target_node_id" : 40,
			"transformation" : 
			[
				0.99618747768298921,
				-0.077719070503203896,
				0.039626448083582122,
				0.0,
				0.078176056661202489,
				0.9968882647821089,
				-0.010113936158582243,
				0.0,
				-0.038717095352146964,
				0.013173216001929154,
				0.99916337648437659,
				0.0,
				-0.021885009808509076,
				-0.0024061442467167614,
				0.0022882792233483319,
				1.0
			],
			"uncertain" : true,
			"version_major" : 1,
			"version_minor" : 0
		},
		{
			"class_name" : "PoseGraphEdge",
			"confidence" : 1.0,
			"information" : 
			[
				67623.749933930114,
				65.908701949524925,
				2193.5673843340396,
				0.0,
				-123682.85128611326,
				-200.3012882770854,
				65.908701949524925,
				70593.401757244894,
				360.68965171634409,
				123682.85128611326,
				0.0,
				4107.3826308191929,
				2193.5673843340396,
				360.68965171634409,
				12610.365361202837,
				200.3012882770854,
				-4107.3826308191929,
				0.0,
				0.0,
				123682.85128611326,
				200.3012882770854,
				245804.0,
				0.0,
				0.0,
				-123682.85128611326,
				0.0,
				-4107.3826308191929,
				0.0,
				245804.0,
				0.0,
				-200.3012882770854,
				4107.3826308191929,
				0.0,
				0.0,
				0.0,
				245804.0
			],
			"source_node_id" : 5,
			"target_node_id" : 50,
			"transformation" : 
			[
				0.99612639486998222,
				-0.08224176948094386,
				0.031120681161805892,
				0.0,
				0.0818264398027852,
				0.99654264524681602,
				0.014394094402878067,
				0.0,
				-0.032196881720637144,
				-0.011791842821248627,
				0.9994119837436144,
				0.0,
				-0.026508423017476957,
				0.0096350049945881349,
				-0.0084574162589604093,
				1.0
			],
			"uncertain" : true,
			"version_major" : 1,
			"version_minor" : 0
		},
		{
			"class_name" : "PoseGraphEdge",
			"confidence" : 1.0,
			"information" : 
			[
				66848.04521042289,
				25.426848324469489,
				1854.3787568083744,
				0.0,
				-123048.51488620043,
				-342.96236682226299,
				25.426848324469489,
				69781.296415832679,
				372.6850030182668,
				123048.51488620043,
				0.0,
				3507.8174252279277,
				1854.3787568083744,
				372.6850030182668,
				12808.980949676106,
				342.96236682226299,
				-3507.8174252279277,
				0.0,
				0.0,
				123048.51488620043,
				342.96236682226299,
				246794.0,
				0.0,
				0.0,
				-123048.51488620043,
				0.0,
				-3507.8174252279277,
				0.0,
				246794.0,
				0.0,
				-342.96236682226299,
				3507.8174252279277,
				0.0,
				0.0,
				0.0,
				246794.0
			],
			"source_node_id" : 5,
			"target_node_id" : 55,
			"transformation" : 
			[
				0.99962252129831985,
				-0.00030999050952634208,
				0.027472146240795522,
				0.0,
				-0.00030155993593046981,
				0.99975230789982561,
				0.022253806653641153,
				0.0,
				-0.027472240076060046,
				-0.022253690814258091,
				0.9993748292159188,
				0.0,
				-0.028141730959176665,
				0.013273309259472054,
				-0.013063647411209214,
				1.0
			],
			"uncertain" : true,
			"version_major" : 1,
			"version_minor" : 0
		},
		{
			"class_name" : "PoseGraphEdge",
			"confidence" : 1.0,
			"information" : 
			[
				80028.363991244871,
				66.01727877078001,
				1438.6032656639466,
				0.0,
				-142733.29430484772,
				-689.13877276319545,
				66.01727877078001,
				84474.447836894164,
				724.8231581802138,
				142733.29430484772,
				0.0,
				1878.8867743607261,
				1438.6032656639466,
				724.8231581802138,
				16027.894511827937,
				689.13877276319545,
				-1878.8867743607261,
				0.0,
				0.0,
				142733.29430484772,
				689.13877276319545,
				276757.0,
				0.0,
				0.0,
				-142733.29430484772,
				0.0,
				-1878.8867743607261,
				0.0,
				276757.0,
				0.0,
				-689.13877276319545,
				1878.8867743607261,
				0.0,
				0.0,
				0.0,
				276757.0
			],
			"source_node_id" : 6,
			"target_node_id" : 7,
			"transformation" : 
			[
				0.99993614647360629,
				-0.0086790702207265105,
				0.0072371759422129849,
				0.0,
				0.0086920754979748285,
				0.99996066111621185,
				-0.001767496412002408,
				0.0,
				-0.0072215510143149881,
				0.0018302896308054564,
				0.99997224923535444,
				0.0,
				-0.002079739754368962,
				-9.5471796375046686e-05,
				0.00073743925484810681,
				1.0
			],
			"uncertain" : false,
			"version_major" : 1,
			"version_minor" : 0
		},
		{
			"class_name" : "PoseGraphEdge",
			"confidence" : 1.0,
			"information" : 
			[
				81618.387123764944,
				20.305050903550253,
				1106.2950554578051,
				0.0,
				-145593.98112842441,
				-448.30050156122888,
				20.305050903550253,
				86257.783627934201,
				599.26688151294002,
				145593.98112842441,
				0.0,
				1274.9080088918272,
				1106.2950554578051,
				599.26688151294002,
				16393.558164615893,
				448.30050156122888,
				-1274.9080088918272,
				0.0,
				0.0,
				145593.98112842441,
				448.30050156122888,
				282225.0,
				0.0,
				0.0,
				-145593.98112842441,
				0.0,
				-1274.9080088918272,
				0.0,
				282225.0,
				0.0,
				-448.30050156122888,
				1274.9080088918272,
				0.0,
				0.0,
				0.0,
				282225.0
			],
			"source_node_id" : 7,
			"target_node_id" : 8,
			"transformation" : 
			[
				0.99998550998698665,
				-0.005234828504324193,
				-0.0012555423514263053,
				0.0,
				0.0052317190293239037,
				0.99998327081301475,
				-0.0024672272095776315,
				0.0,
				0.0012684368585468798,
				0.0024606228146111793,
				0.99999616819430859,
				0.0,
				-0.0042754184166012175,
				0.0002469487772880289,
				0.00018721253234362534,
				1.0
			],
			"uncertain" : false,
			"version_major" : 1,
			"version_minor" : 0
		},
		{
			"class_name" : "PoseGraphEdge",
			"confidence" : 1.0,
			"information" : 
			[
				81049.201249029778,
				-25.395038586675412,
				628.74849322913826,
				0.0,
				-144128.8869651556,
				-989.71376893910929,
				-25.395038586675412,
				85701.40853289247,
				964.61117865720917,
				144128.8869651556,
				0.0,
				663.59785510695656,
				628.74849322913826,
				964.61117865720917,
				16361.340000637072,
				989.71376893910929,
				-663.59785510695656,
				0.0,
				0.0,
				144128.8869651556,
				989.71376893910929,
				278572.0,
				0.0,
				0.0,
				-144128.8869651556,
				0.0,
				-663.59785510695656,
				0.0,
				278572.0,
				0.0,
				-989.71376893910929,
				663.59785510695656,
				0.0,
				0.0,
				0.0,
				278572.0
			],
			"source_node_id" : 8,
			"target_node_id" : 9,
			"transformation" : 
			[
				0.99998774863180862,
				-0.0012328055502981035,
				0.0047940355403206887,
				0.0,
				0.0012740137050556361,
				0.99996218897332367,
				-0.0086021806979219642,
				0.0,
				-0.004783249456805921,
				0.0086081829764198797,
				0.99995150867953497,
				0.0,
				-6.3586320088029471e-05,
				-0.0047859033301562949,
				0.0017250114135516053,
				1.0
			],
			"uncertain" : false,
			"version_major" : 1,
			"version_minor" : 0
		},
		{
			"class_name" : "PoseGraphEdge",
			"confidence" : 1.0,
			"information" : 
			[
				84150.190458253244,
				2.2180643238162396,
				179.07772884314679,
				0.0,
				-150052.13295388222,
				-774.31350259698229,
				2.2180643238162396,
				89034.723866797081,
				858.39312989272366,
				150052.13295388222,
				0.0,
				-127.99367744926712,
				179.07772884314679,
				858.39312989272366,
				16805.55083725465,
				774.31350259698229,
				127.99367744926712,
				0.0,
				0.0,
				150052.13295388222,
				774.31350259698229,
				290381.0,
				0.0,
				0.0,
				-150052.13295388222,
				0.0,
				127.99367744926712,
				0.0,
				290381.0,
				0.0,
				-774.31350259698229,
				-127.99367744926712,
				0.0,
				0.0,
				0.0,
				290381.0
			],
			"source_node_id" : 9,
			"target_node_id" : 10,
			"transformation" : 
			[
				0.99999967345250229,
				-0.00034546151162730891,
				-0.00073058280350854379,
				0.0,
				0.00034484876295687799,
				0.99999958885433016,
				-0.0008386718685153686,
				0.0,
				0.00073087223198404572,
				0.00083841965407314165,
				0.99999938143894052,
				0.0,
				-0.00075889183009576137,
				8.9860792995557983e-06,
				0.00011140140523440228,
				1.0
			],
			"uncertain" : false,
			"version_major" : 1,
			"version_minor" : 0
		},
		{
			"class_name" : "PoseGraphEdge",
			"confidence" : 1.0,
			"information" : 
			[
				83636.759096339636,
				-10.754650462997027,
				317.23542903057927,
				0.0,
				-148805.80700701475,
				-863.72720552704413,
				-10.754650462997027,
				88501.184612480167,
				941.29587024494504,
				148805.80700701475,
				0.0,
				-5.1595575252722483,
				317.23542903057927,
				941.29587024494504,
				16723.167560486647,
				863.72720552704413,
				5.1595575252722483,
				0.0,
				0.0,
				148805.80700701475,
				863.72720552704413,
				287388.0,
				0.0,
				0.0,
				-148805.80700701475,
				0.0,
				5.1595575252722483,
				0.0,
				287388.0,
				0.0,
				-863.72720552704413,
				-5.1595575252722483,
				0.0,
				0.0,
				0.0,
				287388.0
			],
			"source_node_id" : 10,
			"target_node_id" : 11,
			"transformation" : 
			[
				0.99999014651963158,
				-0.00079464127358071322,
				-0.0043675403709859143,
				0.0,
				0.00078324746861533527,
				0.99999628762770842,
				-0.0026098379651872342,
				0.0,
				0.0043695980420145469,
				0.0026063913842604308,
				0.99998705658468534,
				0.0,
				-0.0028362839107007741,
				-0.00075758062607678026,
				0.00096300064803309614,
				1.0
			],
			"uncertain" : false,
			"version_major" : 1,
			"version_minor" : 0
		},
		{
			"class_name" : "PoseGraphEdge",
			"confidence" : 1.0,
			"information" : 
			[
				84036.399647428014,
				17.935294672570151,
				1018.3134432832317,
				0.0,
				-148570.89799213409,
				-600.51943906163797,
				17.935294672570151,
				88862.186994503863,
				854.3919427795845,
				148570.89799213409,
				0.0,
				1192.9205385729438,
				1018.3134432832317,
				854.3919427795845,
				16573.019194727727,
				600.51943906163797,
				-1192.9205385729438,
				0.0,
				0.0,
				148570.89799213409,
				600.51943906163797,
				284841.0,
				0.0,
				0.0,
				-148570.89799213409,
				0.0,
				-1192.9205385729438,
				0.0,
				284841.0,
				0.0,
				-600.51943906163797,
				1192.9205385729438,
				0.0,
				0.0,
				0.0,
				284841.0
			],
			"source_node_id" : 10,
			"target_node_id" : 15,
			"transformation" : 
			[
				0.99988608202358731,
				-0.014095566742294584,
				-0.0053979601457022153,
				0.0,
				0.014044557755798015,
				0.99985743110131253,
				-0.0093737862643133094,
				0.0,
				0.0055293193943853607,
				0.0092969064585213014,
				0.99994149536727184,
				0.0,
				-0.0090754289320573913,
				-0.0029032274700175318,
				0.0042586687330285374,
				1.0
			],
			"uncertain" : true,
			"version_major" : 1,
			"version_minor" : 0
		},
		{
			"class_name" : "PoseGraphEdge",
			"confidence" : 1.0,
			"information" : 
			[
				80967.87084106254,
				52.953295282815787,
				1167.0927560120085,
				0.0,
				-144071.3732200861,
				-937.40639765991364,
				52.953295282815787,
				85348.242344203303,
				964.0820254841783,
				144071.3732200861,
				0.0,
				1718.769370788621,
				1167.0927560120085,
				964.0820254841783,
				15775.174072494126,
				937.40639765991364,
				-1718.769370788621,
				0.0,
				0.0,
				144071.3732200861,
				937.40639765991364,
				278137.0,
				0.0,
				0.0,
				-144071.3732200861,
				0.0,
				-1718.769370788621,
				0.0,
				278137.0,
				0.0,
				-937.40639765991364,
				1718.769370788621,
				0.0,
				0.0,
				0.0,
				278137.0
			],
			"source_node_id" : 10,
			"target_node_id" : 20,
			"transformation" : 
			[
				0.99953317950125731,
				-0.030520880426559024,
				0.0013780181765140982,
				0.0,
				0.030523127315497136,
				0.99953271530294885,
				-0.0016400420719834107,
				0.0,
				-0.0013273187217347276,
				0.0016813378909704747,
				0.99999770566132207,
				0.0,
				-0.01264764728452647,
				-0.0016382658516896069,
				0.0014013377122932716,
				1.0
			],
			"uncertain" : true,
			"version_major" : 1,
			"version_minor" : 0
		},
		{
			"class_name" : "PoseGraphEdge",
			"confidence" : 1.0,
			"information" : 
			[
				81113.857830222172,
				52.357741876976718,
				1258.7465393623152,
				0.0,
				-144353.72772800922,
				-944.58964866318274,
				52.357741876976718,
				85503.390725471429,
				961.03631530473467,
				144353.72772800922,
				0.0,
				1864.5770992859325,
				1258.7465393623152,
				961.03631530473467,
				15799.232057823068,
				944.58964866318274,
				-1864.5770992859325,
				0.0,
				0.0,
				144353.72772800922,
				944.58964866318274,
				278713.0,
				0.0,
				0.0,
				-144353.72772800922,
				0.0,
				-1864.5770992859325,
				0.0,
				278713.0,
				0.0,
				-944.58964866318274,
				1864.5770992859325,
				0.0,
				0.0,
				0.0,
				278713.0
			],
			"source_node_id" : 10,
			"target_node_id" : 25,
			"transformation" : 
			[
				0.99954181294976785,
				-0.030265812491717087,
				-0.0003804724809005946,
				0.0,
				0.030265155561340018,
				0.99954057988042011,
				-0.001627738050444559,
				0.0,
				0.00042956249880794106,
				0.0016154771831272498,
				0.99999860285378872,
				0.0,
				-0.01377770780381667,
				-0.0015109575235907726,
				0.0013553723054553625,
				1.0
			],
			"uncertain" : true,
			"version_major" : 1,
			"version_minor" : 0
		},
		{
			"class_name" : "PoseGraphEdge",
			"confidence" : 1.0,
			"information" : 
			[
				80529.778366089071,
				53.745031049390946,
				1246.1467712902408,
				0.0,
				-143375.67595273256,
				-918.07204634518712,
				53.745031049390946,
				84853.100504347414,
				940.83391923414456,
				143375.67595273256,
				0.0,
				1875.6941842779343,
				1246.1467712902408,
				940.83391923414456,
				15663.955142488714,
				918.07204634518712,
				-1875.6941842779343,
				0.0,
				0.0,
				143375.67595273256,
				918.07204634518712,
				276966.0,
				0.0,
				0.0,
				-143375.67595273256,
				0.0,
				-1875.6941842779343,
				0.0,
				276966.0,
				0.0,
				-918.07204634518712,
				1875.6941842779343,
				0.0,
				0.0,
				0.0,
				276966.0
			],
			"source_node_id" : 10,
			"target_node_id" : 30,
			"transformation" : 
			[
				0.99948219237348923,
				-0.03216635495930497,
				0.00082020540949845854,
				0.0,
				0.032167173558163217,
				0.99948199711363772,
				-0.0010051820795051103,
				0.0,
				-0.00078744749716058292,
				0.0010310452783192225,
				0.99999915843568166,
				0.0,
				-0.014241823320988558,
				-0.00095614585408311807,
				0.0011814659436408083,
				1.0
			],
			"uncertain" : true,
			"version_major" : 1,
			"version_minor" : 0
		},
		{
			"class_name" : "PoseGraphEdge",
			"confidence" : 1.0,
			"information" : 
			[
				75949.823844884697,
				112.92979809922065,
				1675.3652938136886,
				0.0,
				-135429.52825665474,
				-536.23357156960992,
				112.92979809922065,
				79526.266440975203,
				739.32797440670947,
				135429.52825665474,
				0.0,
				2970.5961818212818,
				1675.3652938136886,
				739.32797440670947,
				14060.604362728798,
				536.23357156960992,
				-2970.5961818212818,
				0.0,
				0.0,
				135429.52825665474,
				536.23357156960992,
				261686.0,
				0.0,
				0.0,
				-135429.52825665474,
				0.0,
				-2970.5961818212818,
				0.0,
				261686.0,
				0.0,
				-536.23357156960992,
				2970.5961818212818,
				0.0,
				0.0,
				0.0,
				261686.0
			],
			"source_node_id" : 10,
			"target_node_id" : 35,
			"transformation" : 
			[
				0.99702671441491397,
				-0.074543027564210107,
				0.019520957572908462,
				0.0,
				0.074633743823903934,
				0.99720315191503572,
				-0.0039595572411144971,
				0.0,
				-0.019171203035537564,
				0.0054047064933396968,
				0.99980160738113022,
				0.0,
				-0.021932263593900405,
				-0.00069956143668002593,
				0.0016325547197482445,
				1.0
			],
			"uncertain" : true,
			"version_major" : 1,
			"version_minor" : 0
		},
		{
			"class_name" : "PoseGraphEdge",
			"confidence" : 1.0,
			"information" : 
			[
				77204.410139092157,
				51.209348471467166,
				760.21357534294816,
				0.0,
				-137820.21031281352,
				-906.05090226602624,
				51.209348471467166,
				80938.064648879095,
				926.00865308638458,
				137820.21031281352,
				0.0,
				1550.1816224012,
				760.21357534294816,
				926.00865308638458,
				14591.385495207289,
				906.05090226602624,
				-1550.1816224012,
				0.0,
				0.0,
				137820.21031281352,
				906.05090226602624,
				266936.0,
				0.0,
				0.0,
				-137820.21031281352,
				0.0,
				-1550.1816224012,
				0.0,
				266936.0,
				0.0,
				-906.05090226602624,
				1550.1816224012,
				0.0,
				0.0,
				0.0,
				266936.0
			],
			"source_node_id" : 10,
			"target_node_id" : 40,
			"transformation" : 
			[
				0.99849229766829595,
				-0.050042560825988534,
				0.022558226948589895,
				0.0,
				0.050021903577458039,
				0.99874702525140013,
				0.0014794302848491407,
				0.0,
				-0.022603996539867489,
				-0.00034879429105828271,
				0.99974443618505238,
				0.0,
				-0.011740119940690992,
				0.00061998585792656126,
				-0.00041134988473913887,
				1.0
			],
			"uncertain" : true,
			"version_major" : 1,
			"version_minor" : 0
		},
		{
			"class_name" : "PoseGraphEdge",
			"confidence" : 1.0,
			"information" : 
			[
				73193.937567020883,
				20.560588072612944,
				895.73569718747331,
				0.0,
				-133131.1060859859,
				-435.96938189986395,
				20.560588072612944,
				76933.617200219363,
				521.84053243601466,
				133131.1060859859,
				0.0,
				1648.0926972408779,
				895.73569718747331,
				521.84053243601466,
				14092.483732164263,
				435.96938189986395,
				-1648.0926972408779,
				0.0,
				0.0,
				133131.1060859859,
				435.96938189986395,
				262885.0,
				0.0,
				0.0,
				-133131.1060859859,
				0.0,
				-1648.0926972408779,
				0.0,
				262885.0,
				0.0,
				-435.96938189986395,
				1648.0926972408779,
				0.0,
				0.0,
				0.0,
				262885.0
			],
			"source_node_id" : 10,
			"target_node_id" : 45,
			"transformation" : 
			[
				0.99848264751343518,
				-0.052349397572572731,
				0.017086345084576012,
				0.0,
				0.051971218614309714,
				0.99840899134920369,
				0.021874149784837919,
				0.0,
				-0.018204259125384356,
				-0.020952960813559744,
				0.99961471496914334,
				0.0,
				-0.014302694671633115,
				0.010175991971973258,
				-0.0085768018296460379,
				1.0
			],
			"uncertain" : true,
			"version_major" : 1,
			"version_minor" : 0
		},
		{
			"class_name" : "PoseGraphEdge",
			"confidence" : 1.0,
			"information" : 
			[
				72198.162385969656,
				2.0646051410508619,
				886.07559670979435,
				0.0,
				-131832.91202527285,
				-228.57409557024948,
				2.0646051410508619,
				75893.168276668846,
				388.84961979854597,
				131832.91202527285,
				0.0,
				1623.5102278715058,
				886.07559670979435,
				388.84961979854597,
				13936.914696946358,
				228.57409557024948,
				-1623.5102278715058,
				0.0,
				0.0,
				131832.91202527285,
				228.57409557024948,
				261408.0,
				0.0,
				0.0,
				-131832.91202527285,
				0.0,
				-1623.5102278715058,
				0.0,
				261408.0,
				0.0,
				-228.57409557024948,
				1623.5102278715058,
				0.0,
				0.0,
				0.0,
				261408.0
			],
			"source_node_id" : 10,
