{
	"class_name" : "PoseGraph",
	"edges" : 
	[
		{
			"class_name" : "PoseGraphEdge",
			"confidence" : 1.0,
			"information" : 
			[
				84964.122128301751,
				-10.221608007813433,
				-183.22489688673249,
				0.0,
				-149952.89176395535,
				-1021.4190427892609,
				-10.221608007813433,
				89657.44229061759,
				807.78583193537452,
				149952.89176395535,
				0.0,
				-949.25683163924259,
				-183.22489688673249,
				807.78583193537452,
				16880.874834717346,
				1021.4190427892609,
				949.25683163924259,
				0.0,
				0.0,
				149952.89176395535,
				1021.4190427892609,
				287348.0,
				0.0,
				0.0,
				-149952.89176395535,
				0.0,
				949.25683163924259,
				0.0,
				287348.0,
				0.0,
				-1021.4190427892609,
				-949.25683163924259,
				0.0,
				0.0,
				0.0,
				287348.0
			],
			"source_node_id" : 0,
			"target_node_id" : 1,
			"transformation" : 
			[
				0.99999211398745858,
				0.00058832961562198,
				-0.003927573189270778,
				0.0,
				-0.00058748659908839632,
				0.99999980414689005,
				0.00021579081871799194,
				0.0,
				0.0039276993761727871,
				-0.00021348172037325309,
				0.99999226377165784,
				0.0,
				0.00032883701312918557,
				-0.00039834562208692053,
				-0.00011611684069555574,
				1.0
			],
			"uncertain" : false,
			"version_major" : 1,
			"version_minor" : 0
		},
		{
			"class_name" : "PoseGraphEdge",
			"confidence" : 0.96844946479177285,
			"information" : 
			[
				79575.948567410203,
				8.4721808791189233,
				1347.1496231358624,
				0.0,
				-140792.46558794379,
				-712.56471395579865,
				8.4721808791189233,
				83624.809935912781,
				584.15779482122343,
				140792.46558794379,
				0.0,
				649.59394542354858,
				1347.1496231358624,
				584.15779482122343,
				15429.306436010114,
				712.56471395579865,
				-649.59394542354858,
				0.0,
				0.0,
				140792.46558794379,
				712.56471395579865,
				270806.0,
				0.0,
				0.0,
				-140792.46558794379,
				0.0,
				-649.59394542354858,
				0.0,
				270806.0,
				0.0,
				-712.56471395579865,
				649.59394542354858,
				0.0,
				0.0,
				0.0,
				270806.0
			],
			"source_node_id" : 0,
			"target_node_id" : 5,
			"transformation" : 
			[
				0.99837438171962167,
				-0.011663599266432305,
				-0.055790271357254048,
				0.0,
				0.011871573133432714,
				0.99992375742854522,
				0.0033978053679760349,
				0.0,
				0.0557463871233062,
				-0.0040546001200083229,
				0.99843672836117414,
				0.0,
				-0.021810554524368909,
				0.0024532100763262508,
				-0.0014478154801403683,
				1.0
			],
			"uncertain" : true,
			"version_major" : 1,
			"version_minor" : 0
		},
		{
			"class_name" : "PoseGraphEdge",
			"confidence" : 0.99551110963298495,
			"information" : 
			[
				73616.588907099562,
				34.716680998972606,
				1923.3714639350897,
				0.0,
				-132721.52325981855,
				-331.17472941151937,
				34.716680998972606,
				77636.487800487521,
				273.8036017031045,
				132721.52325981855,
				0.0,
				2769.897098467598,
				1923.3714639350897,
				273.8036017031045,
				14682.370830743168,
				331.17472941151937,
				-2769.897098467598,
				0.0,
				0.0,
				132721.52325981855,
				331.17472941151937,
				260181.0,
				0.0,
				0.0,
				-132721.52325981855,
				0.0,
				-2769.897098467598,
				0.0,
				260181.0,
				0.0,
				-331.17472941151937,
				2769.897098467598,
				0.0,
				0.0,
				0.0,
				260181.0
			],
			"source_node_id" : 0,
			"target_node_id" : 10,
			"transformation" : 
			[
				0.99863766772005358,
				-0.043821022934058415,
				-0.028328899725670795,
				0.0,
				0.044352275052857708,
				0.99884640841018224,
				0.018404567468847388,
				0.0,
				0.027489712772054389,
				-0.019635945485064071,
				0.99942920976756477,
				0.0,
				-0.039347556644880231,
				0.0041411402690240927,
				-0.011061229550923316,
				1.0
			],
			"uncertain" : true,
			"version_major" : 1,
			"version_minor" : 0
		},
		{
			"class_name" : "PoseGraphEdge",
			"confidence" : 0.98810749547075372,
			"information" : 
			[
				82971.861748284777,
				253.81268463266679,
				902.43486329091729,
				0.0,
				-143856.35048383474,
				470.29386464421987,
				253.81268463266679,
				87085.01924508957,
				69.106717420496352,
				143856.35048383474,
				0.0,
				-458.21716423376347,
				902.43486329091729,
				69.106717420496352,
				15421.969639936287,
				-470.29386464421987,
				458.21716423376347,
				0.0,
				0.0,
				143856.35048383474,
				-470.29386464421987,
				270201.0,
				0.0,
				0.0,
				-143856.35048383474,
				0.0,
				458.21716423376347,
				0.0,
				270201.0,
				0.0,
				470.29386464421987,
				-458.21716423376347,
				0.0,
				0.0,
				0.0,
				270201.0
			],
			"source_node_id" : 0,
			"target_node_id" : 20,
			"transformation" : 
			[
				0.9965518573138713,
				-0.027291232621534767,
				-0.078355499527922368,
				0.0,
				0.02609186736885058,
				0.99952681140637967,
				-0.016290111632591558,
				0.0,
				0.078762999825294541,
				0.014189499702006361,
				0.99679237956393285,
				0.0,
				-0.032559296404095051,
				0.0017985303082515211,
				0.011053138338341284,
				1.0
			],
			"uncertain" : true,
			"version_major" : 1,
			"version_minor" : 0
		},
		{
			"class_name" : "PoseGraphEdge",
			"confidence" : 0.97843152327606309,
			"information" : 
			[
				83347.661920952538,
				326.99714707470969,
				900.18861694733459,
				0.0,
				-143547.0399992466,
				813.42315810566652,
				326.99714707470969,
				87457.964377541721,
				-77.697069163776177,
				143547.0399992466,
				0.0,
				-819.61858225759352,
				900.18861694733459,
				-77.697069163776177,
				15031.204255289576,
				-813.42315810566652,
				819.61858225759352,
				0.0,
				0.0,
				143547.0399992466,
				-813.42315810566652,
				267286.0,
				0.0,
				0.0,
				-143547.0399992466,
				0.0,
				819.61858225759352,
				0.0,
				267286.0,
				0.0,
				813.42315810566652,
				-819.61858225759352,
				0.0,
				0.0,
				0.0,
				267286.0
			],
			"source_node_id" : 0,
			"target_node_id" : 25,
			"transformation" : 
			[
				0.99468028158913124,
				-0.03644125148436346,
				-0.096349222145388755,
				0.0,
				0.034024619407452474,
				0.99906674416482844,
				-0.026607630072387697,
				0.0,
				0.097228919010478018,
				0.023187839359121269,
				0.99499189012469369,
				0.0,
				-0.039940635636388507,
				0.0013931786188776628,
				0.016953825594996745,
				1.0
			],
			"uncertain" : true,
			"version_major" : 1,
			"version_minor" : 0
		},
		{
			"class_name" : "PoseGraphEdge",
			"confidence" : 0.9955423127181342,
			"information" : 
			[
				84812.176449012069,
				321.63334255130695,
				1332.2646448964406,
				0.0,
				-146154.81108546257,
				741.34991194264148,
				321.63334255130695,
				89294.690479939076,
				-25.896890519978115,
				146154.81108546257,
				0.0,
				153.02377738145879,
				1332.2646448964406,
				-25.896890519978115,
				15695.987510824782,
				-741.34991194264148,
				-153.02377738145879,
				0.0,
				0.0,
				146154.81108546257,
				-741.34991194264148,
				272319.0,
				0.0,
				0.0,
				-146154.81108546257,
				0.0,
				-153.02377738145879,
				0.0,
				272319.0,
				0.0,
				741.34991194264148,
				153.02377738145879,
				0.0,
				0.0,
				0.0,
				272319.0
			],
			"source_node_id" : 0,
			"target_node_id" : 30,
			"transformation" : 
			[
				0.9954727944014975,
				-0.037561796377787587,
				-0.087309948226682962,
				0.0,
				0.035440852675958603,
				0.99904082694546714,
				-0.025717154930442965,
				0.0,
				0.088192185413865171,
				0.022506389070416865,
				0.99584918581225801,
				0.0,
				-0.04521515843854447,
				0.00084165870624939828,
				0.015748072324393146,
				1.0
			],
			"uncertain" : true,
			"version_major" : 1,
			"version_minor" : 0
		},
		{
			"class_name" : "PoseGraphEdge",
			"confidence" : 0.97579766651226707,
			"information" : 
			[
				83000.53400129982,
				55.554276983016791,
				2320.5193134897504,
				0.0,
				-144777.74405238032,
				1011.9798767542525,
				55.554276983016791,
				87428.18822406244,
				-190.76015281612126,
				144777.74405238032,
				0.0,
				3435.9779678089835,
				2320.5193134897504,
				-190.76015281612126,
				15571.787166220403,
				-1011.9798767542525,
				-3435.9779678089835,
				0.0,
				0.0,
				144777.74405238032,
				-1011.9798767542525,
				272916.0,
				0.0,
				0.0,
				-144777.74405238032,
				0.0,
				-3435.9779678089835,
				0.0,
				272916.0,
				0.0,
				1011.9798767542525,
				3435.9779678089835,
				0.0,
				0.0,
				0.0,
				272916.0
			],
			"source_node_id" : 0,
			"target_node_id" : 35,
			"transformation" : 
			[
				0.99921437397917978,
				-0.035753254717382506,
				-0.017097941703936758,
				0.0,
				0.035463097228465593,
				0.99922667904186269,
				-0.016982715505274987,
				0.0,
				0.017691906860528666,
				0.016363027473016004,
				0.99970958171038649,
				0.0,
				-0.035029594480374474,
				0.0029471610632586104,
				0.0094801252090560163,
				1.0
			],
			"uncertain" : true,
			"version_major" : 1,
			"version_minor" : 0
		},
		{
			"class_name" : "PoseGraphEdge",
			"confidence" : 0.92175672149894228,
			"information" : 
			[
				71521.636807426155,
				-171.55167004322618,
				1733.481348344648,
				0.0,
				-124914.47447443008,
				558.10556243502651,
				-171.55167004322618,
				73454.075170810189,
				73.487617391230742,
				124914.47447443008,
				0.0,
				4438.7844953197346,
				1733.481348344648,
				73.487617391230742,
				11681.442465491416,
				-558.10556243502651,
				-4438.7844953197346,
				0.0,
				0.0,
				124914.47447443008,
				-558.10556243502651,
				236304.0,
				0.0,
				0.0,
				-124914.47447443008,
				0.0,
				-4438.7844953197346,
				0.0,
				236304.0,
				0.0,
				558.10556243502651,
				4438.7844953197346,
				0.0,
				0.0,
				0.0,
				236304.0
			],
			"source_node_id" : 0,
			"target_node_id" : 40,
			"transformation" : 
			[
				0.99569926468986314,
				-0.038102064088962911,
				0.084446474220218185,
				0.0,
				0.039491088328478308,
				0.9991097321365735,
				-0.014839039477556781,
				0.0,
				-0.083805896204847893,
				0.018110103868966426,
				0.99631751761130671,
				0.0,
				-0.02616842057793568,
				0.004241419175820803,
				0.0090243926842479474,
				1.0
			],
			"uncertain" : true,
			"version_major" : 1,
			"version_minor" : 0
		},
		{
			"class_name" : "PoseGraphEdge",
			"confidence" : 0.81675583726854717,
			"information" : 
			[
				75058.377971711336,
				-351.05823068384194,
				826.06226801399112,
				0.0,
				-130345.43321868777,
				1531.87688950132,
				-351.05823068384194,
				77242.746922025748,
				-435.02208446643272,
				130345.43321868777,
				0.0,
				3419.628811103612,
				826.06226801399112,
				-435.02208446643272,
				11882.39130531505,
				-1531.87688950132,
				-3419.628811103612,
				0.0,
				0.0,
				130345.43321868777,
				-1531.87688950132,
				244536.0,
				0.0,
				0.0,
				-130345.43321868777,
				0.0,
				-3419.628811103612,
				0.0,
				244536.0,
				0.0,
				1531.87688950132,
				3419.628811103612,
				0.0,
				0.0,
				0.0,
				244536.0
			],
			"source_node_id" : 0,
			"target_node_id" : 45,
			"transformation" : 
			[
				0.99262922696792555,
				0.0086986514758933542,
				0.1208782496215098,
				0.0,
				-0.0056865545543438858,
				0.99966521913371909,
				-0.025241092520623433,
				0.0,
				-0.12105734536309465,
				0.024367665395665913,
				0.99234637905159173,
				0.0,
				0.0038733271991619007,
				0.0049296255183569121,
				0.016066866318376026,
				1.0
			],
			"uncertain" : true,
			"version_major" : 1,
			"version_minor" : 0
		},
		{
			"class_name" : "PoseGraphEdge",
			"confidence" : 0.99632471755654162,
			"information" : 
			[
				73152.337867286638,
				-383.89293816150962,
				1250.1805243083186,
				0.0,
				-125468.26166346669,
				2019.0234755407437,
				-383.89293816150962,
				74882.526760885521,
				-632.01683504391167,
				125468.26166346669,
				0.0,
				4285.0682760024501,
				1250.1805243083186,
				-632.01683504391167,
				10890.182977612203,
				-2019.0234755407437,
				-4285.0682760024501,
				0.0,
				0.0,
				125468.26166346669,
				-2019.0234755407437,
				232182.0,
				0.0,
				0.0,
				-125468.26166346669,
				0.0,
				-4285.0682760024501,
				0.0,
				232182.0,
				0.0,
				2019.0234755407437,
				4285.0682760024501,
				0.0,
				0.0,
				0.0,
				232182.0
			],
			"source_node_id" : 0,
			"target_node_id" : 50,
			"transformation" : 
			[
				0.98806704360301678,
				-0.0098193437401364499,
				0.15371108559276067,
				0.0,
				0.016487342660753319,
				0.99897458777394532,
				-0.042165631903991349,
				0.0,
				-0.15313942953262816,
				0.044196758595953886,
				0.98721576246129239,
				0.0,
				0.0058990826555707669,
				0.00049651583334735347,
				0.02267548373171864,
				1.0
			],
			"uncertain" : true,
			"version_major" : 1,
			"version_minor" : 0
		},
		{
			"class_name" : "PoseGraphEdge",
			"confidence" : 0.88612658144913081,
			"information" : 
			[
				75847.101333954517,
				-445.86945827535766,
				802.13683516250171,
				0.0,
				-129697.53544896841,
				2334.0743116030353,
				-445.86945827535766,
				77904.110374426804,
				-795.31581823956913,
				129697.53544896841,
				0.0,
				3667.7114412137307,
				802.13683516250171,
				-795.31581823956913,
				11380.831881699187,
				-2334.0743116030353,
				-3667.7114412137307,
				0.0,
				0.0,
				129697.53544896841,
				-2334.0743116030353,
				239084.0,
				0.0,
				0.0,
				-129697.53544896841,
				0.0,
				-3667.7114412137307,
				0.0,
				239084.0,
				0.0,
				2334.0743116030353,
				3667.7114412137307,
				0.0,
				0.0,
				0.0,
				239084.0
			],
			"source_node_id" : 0,
			"target_node_id" : 55,
			"transformation" : 
			[
				0.98731501219211881,
				0.014801178659415931,
				0.15808223116583858,
				0.0,
				-0.0075902013600554962,
				0.9989069740751565,
				-0.046122077005794002,
				0.0,
				-0.15859210429082327,
				0.044337143055305638,
				0.98634819521419637,
				0.0,
				0.01966358590801133,
				0.00089012826500330414,
				0.026429291402384689,
				1.0
			],
			"uncertain" : true,
			"version_major" : 1,
			"version_minor" : 0
		},
		{
			"class_name" : "PoseGraphEdge",
			"confidence" : 0.94654250486612856,
			"information" : 
			[
				73477.055422834062,
				-432.41357318630446,
				1268.7896985870682,
				0.0,
				-125327.1961132288,
				2327.855180582992,
				-432.41357318630446,
				75308.967608267674,
				-776.76442932987811,
				125327.1961132288,
				0.0,
				4376.4121709417377,
				1268.7896985870682,
				-776.76442932987811,
				10779.802244610806,
				-2327.855180582992,
				-4376.4121709417377,
				0.0,
				0.0,
				125327.1961132288,
				-2327.855180582992,
				230296.0,
				0.0,
				0.0,
				-125327.1961132288,
				0.0,
				-4376.4121709417377,
				0.0,
				230296.0,
				0.0,
				2327.855180582992,
				4376.4121709417377,
				0.0,
				0.0,
				0.0,
				230296.0
			],
			"source_node_id" : 0,
			"target_node_id" : 60,
			"transformation" : 
			[
				0.98555113314571796,
				0.0054297164286885146,
				0.16929111652621737,
				0.0,
				0.0035285629664858825,
				0.99861097032235258,
				-0.052570706626805935,
				0.0,
				-0.16934141017063936,
				0.052408473850649284,
				0.98416301427663133,
				0.0,
				0.01588888070061668,
				-0.00044416537907050394,
				0.027723039390276989,
				1.0
			],
			"uncertain" : true,
			"version_major" : 1,
			"version_minor" : 0
		},
		{
			"class_name" : "PoseGraphEdge",
			"confidence" : 0.94417890563084672,
			"information" : 
			[
				72795.319998978594,
				-434.42983449727569,
				1277.7701276558942,
				0.0,
				-124359.71370756626,
				2187.0910933906562,
				-434.42983449727569,
				74502.684750010172,
				-702.39429501406357,
				124359.71370756626,
				0.0,
				4396.8986865023908,
				1277.7701276558942,
				-702.39429501406357,
				10627.658413504894,
				-2187.0910933906562,
				-4396.8986865023908,
				0.0,
				0.0,
				124359.71370756626,
				-2187.0910933906562,
				228993.0,
				0.0,
				0.0,
				-124359.71370756626,
				0.0,
				-4396.8986865023908,
				0.0,
				228993.0,
				0.0,
				2187.0910933906562,
				4396.8986865023908,
				0.0,
				0.0,
				0.0,
				228993.0
			],
			"source_node_id" : 0,
			"target_node_id" : 65,
			"transformation" : 
			[
				0.98528897440932661,
				0.00068056249008141339,
				0.17089521275364597,
				0.0,
				0.0082070335603360977,
				0.99864986035522441,
				-0.051294259061113033,
				0.0,
				-0.17069938930047843,
				0.051942210649779857,
				0.98395311130422136,
				0.0,
				0.014034883513218147,
				-0.0011000537531492068,
				0.026358816123080345,
				1.0
			],
			"uncertain" : true,
			"version_major" : 1,
			"version_minor" : 0
		},
		{
			"class_name" : "PoseGraphEdge",
			"confidence" : 0.98888006623179758,
			"information" : 
			[
				73680.258410514798,
				-437.49507515554347,
				1248.9386755099144,
				0.0,
				-125670.02693092823,
				2441.3744627511187,
				-437.49507515554347,
				75477.226905952441,
				-836.90626299285941,
				125670.02693092823,
				0.0,
				4433.8389960369968,
				1248.9386755099144,
				-836.90626299285941,
				10707.834017151148,
				-2441.3744627511187,
				-4433.8389960369968,
				0.0,
				0.0,
				125670.02693092823,
				-2441.3744627511187,
				230892.0,
				0.0,
				0.0,
				-125670.02693092823,
				0.0,
				-4433.8389960369968,
				0.0,
				230892.0,
				0.0,
				2441.3744627511187,
				4433.8389960369968,
				0.0,
				0.0,
				0.0,
				230892.0
			],
			"source_node_id" : 0,
			"target_node_id" : 70,
			"transformation" : 
			[
				0.98537331475703493,
				0.0074169108679465259,
				0.17024811305242044,
				0.0,
				0.0016177028099123721,
				0.99860023240400941,
				-0.052867370657876361,
				0.0,
				-0.1704019178364832,
				0.052369507118507769,
				0.98398202276353242,
				0.0,
				0.015143243378935588,
				-3.0688201443152837e-05,
				0.027953473615455974,
				1.0
			],
			"uncertain" : true,
			"version_major" : 1,
			"version_minor" : 0
		},
		{
			"class_name" : "PoseGraphEdge",
			"confidence" : 0.99358056081661861,
			"information" : 
			[
				73687.570720701595,
				-432.75196436664118,
				1324.4869294885686,
				0.0,
				-125153.83149692416,
				2836.2944335733773,
				-432.75196436664118,
				75513.242035477131,
				-1049.0651302001561,
				125153.83149692416,
				0.0,
				4623.0736898398027,
				1324.4869294885686,
				-1049.0651302001561,
				10634.854278412531,
				-2836.2944335733773,
				-4623.0736898398027,
				0.0,
				0.0,
				125153.83149692416,
				-2836.2944335733773,
				228874.0,
				0.0,
				0.0,
				-125153.83149692416,
				0.0,
				-4623.0736898398027,
				0.0,
				228874.0,
				0.0,
				2836.2944335733773,
				4623.0736898398027,
				0.0,
				0.0,
				0.0,
				228874.0
			],
			"source_node_id" : 0,
			"target_node_id" : 75,
			"transformation" : 
			[
				0.98504889541864482,
				0.003556914539668042,
				0.17223827098953756,
				0.0,
				0.0059045902654273758,
				0.99850235519472996,
				-0.05438917616928915,
				0.0,
				-0.17217377688923849,
				0.054592994326507042,
				0.98355263993451802,
				0.0,
				0.015011648131928264,
				0.001684461249340613,
				0.03094158764011205,
				1.0
			],
			"uncertain" : true,
			"version_major" : 1,
			"version_minor" : 0
		},
		{
			"class_name" : "PoseGraphEdge",
			"confidence" : 0.98887389619638666,
			"information" : 
			[
				3.0,
				0.0,
				0.0,
				0.0,
				0.0,
				0.0,
				0.0,
				3.0,
				0.0,
				0.0,
				0.0,
				0.0,
				0.0,
				0.0,
				3.0,
				0.0,
				0.0,
				0.0,
				0.0,
				0.0,
				0.0,
				3.0,
				0.0,
				0.0,
				0.0,
				0.0,
				0.0,
				0.0,
				3.0,
				0.0,
				0.0,
				0.0,
				0.0,
				0.0,
				0.0,
				3.0
			],
			"source_node_id" : 0,
			"target_node_id" : 80,
			"transformation" : 
			[
				1.0,
				0.0,
				0.0,
				0.0,
				0.0,
				1.0,
				0.0,
				0.0,
				0.0,
				0.0,
				1.0,
				0.0,
				-0.028618329252354236,
				-0.016557798748105066,
				-0.41730986043927931,
				1.0
			],
			"uncertain" : true,
			"version_major" : 1,
			"version_minor" : 0
		},
		{
			"class_name" : "PoseGraphEdge",
			"confidence" : 1.0,
			"information" : 
			[
				82448.992786357179,
				-8.8885217222177175,
				751.29701824291419,
				0.0,
				-145690.82140269876,
				-835.01864368125098,
				-8.8885217222177175,
				86837.771997654578,
				680.39477641375197,
				145690.82140269876,
				0.0,
				11.883446117979474,
				751.29701824291419,
				680.39477641375197,
				16272.197051779291,
				835.01864368125098,
				-11.883446117979474,
				0.0,
				0.0,
				145690.82140269876,
				835.01864368125098,
				279818.0,
				0.0,
				0.0,
				-145690.82140269876,
				0.0,
				-11.883446117979474,
				0.0,
				279818.0,
				0.0,
				-835.01864368125098,
				11.883446117979474,
				0.0,
				0.0,
				0.0,
				279818.0
			],
			"source_node_id" : 1,
			"target_node_id" : 2,
			"transformation" : 
			[
				0.99973634440923798,
				-0.00076742046083738507,
				-0.022948915727975638,
				0.0,
				0.00081723645448090164,
				0.99999733015961056,
				0.0021614342987452597,
				0.0,
				0.022947195729127935,
				-0.0021796191150320414,
				0.99973430243674377,
				0.0,
				-0.0073313260504865221,
				0.00059707466820157454,
				-0.0011536485506532304,
				1.0
			],
			"uncertain" : false,
			"version_major" : 1,
			"version_minor" : 0
		},
		{
			"class_name" : "PoseGraphEdge",
			"confidence" : 1.0,
			"information" : 
			[
				85638.552461184328,
				8.4650736170230232,
				1159.357931973268,
				0.0,
				-151333.72010093927,
				-494.6711089956807,
				8.4650736170230232,
				90522.933484000125,
				498.76303276804356,
				151333.72010093927,
				0.0,
				648.67683067350299,
				1159.357931973268,
				498.76303276804356,
				17088.468258116533,
				494.6711089956807,
				-648.67683067350299,
				0.0,
				0.0,
				151333.72010093927,
				494.6711089956807,
				290393.0,
				0.0,
				0.0,
				-151333.72010093927,
				0.0,
				-648.67683067350299,
				0.0,
				290393.0,
				0.0,
				-494.6711089956807,
				648.67683067350299,
				0.0,
				0.0,
				0.0,
				290393.0
			],
			"source_node_id" : 2,
			"target_node_id" : 3,
			"transformation" : 
			[
				0.99998189742509236,
				-0.005334387604382998,
				-0.0027837260996448976,
				0.0,
				0.0053339842179053257,
				0.99998576260521177,
				-0.00015231295360104973,
				0.0,
				0.0027844989629691123,
				0.00013746184526192048,
				0.99999611382733311,
				0.0,
				-0.0023470738380167448,
				0.00031567852238731468,
				-0.00018026608932785823,
				1.0
			],
			"uncertain" : false,
			"version_major" : 1,
			"version_minor" : 0
		},
		{
			"class_name" : "PoseGraphEdge",
			"confidence" : 1.0,
			"information" : 
			[
				83423.31815939545,
				1.6041513514305166,
				1722.1633421833233,
				0.0,
				-147403.00335651636,
				-762.01370218003285,
				1.6041513514305166,
				88128.50207006128,
				620.61319191685106,
				147403.00335651636,
				0.0,
				1133.7127433128771,
				1722.1633421833233,
				620.61319191685106,
				16635.270779749204,
				762.01370218003285,
				-1133.7127433128771,
				0.0,
				0.0,
				147403.00335651636,
				762.01370218003285,
				283138.0,
				0.0,
				0.0,
				-147403.00335651636,
				0.0,
				-1133.7127433128771,
				0.0,
				283138.0,
				0.0,
				-762.01370218003285,
				1133.7127433128771,
				0.0,
				0.0,
				0.0,
				283138.0
			],
			"source_node_id" : 3,
			"target_node_id" : 4,
			"transformation" : 
			[
				0.99982930622138633,
				-0.0026987620349144992,
				-0.01827772153030351,
				0.0,
				0.0027301507579964583,
				0.9999948407003636,
				0.0016925866281305695,
				0.0,
				0.018273059341528661,
				-0.0017421986494137922,
				0.99983151582962582,
				0.0,
				-0.0088878550681947312,
				0.0010968966781113054,
				-0.00047258681373894194,
				1.0
			],
			"uncertain" : false,
			"version_major" : 1,
			"version_minor" : 0
		},
		{
			"class_name" : "PoseGraphEdge",
			"confidence" : 1.0,
			"information" : 
			[
				85123.228026579251,
				-13.566765085340933,
				2011.2637257462402,
				0.0,
				-150543.71872410178,
				-569.60371313599171,
				-13.566765085340933,
				90104.829164254741,
				514.4043616756444,
				150543.71872410178,
				0.0,
				1588.8055604048714,
				2011.2637257462402,
				514.4043616756444,
				16982.235400319347,
				569.60371313599171,
				-1588.8055604048714,
				0.0,
				0.0,
				150543.71872410178,
				569.60371313599171,
				289116.0,
				0.0,
				0.0,
				-150543.71872410178,
				0.0,
				-1588.8055604048714,
				0.0,
				289116.0,
				0.0,
				-569.60371313599171,
				1588.8055604048714,
				0.0,
				0.0,
				0.0,
				289116.0
			],
			"source_node_id" : 4,
			"target_node_id" : 5,
			"transformation" : 
			[
				0.999996187039077,
				-0.002151706543933016,
				0.0017309148609283864,
				0.0,
				0.0021555771385338243,
				0.99999517373801994,
				-0.0022374065046856895,
				0.0,
				-0.0017260922648622311,
				0.0022411290940450835,
				0.99999599896493485,
				0.0,
				-0.00079035289148282704,
				-8.9897735965370552e-05,
				0.00060713520194935521,
				1.0
			],
			"uncertain" : false,
			"version_major" : 1,
			"version_minor" : 0
		},
		{
			"class_name" : "PoseGraphEdge",
			"confidence" : 1.0,
			"information" : 
			[
				85483.434402411556,
				-12.385676671481548,
				1912.475379695861,
				0.0,
				-150846.07999819517,
				-722.27117256217753,
				-12.385676671481548,
				90522.731669022716,
				616.95511389981402,
				150846.07999819517,
				0.0,
				1405.3917432335147,
				1912.475379695861,
				616.95511389981402,
				17097.70450128075,
				722.27117256217753,
				-1405.3917432335147,
				0.0,
				0.0,
				150846.07999819517,
				722.27117256217753,
				289057.0,
				0.0,
				0.0,
				-150846.07999819517,
				0.0,
				-1405.3917432335147,
				0.0,
				289057.0,
				0.0,
				-722.27117256217753,
				1405.3917432335147,
				0.0,
				0.0,
				0.0,
				289057.0
			],
			"source_node_id" : 5,
			"target_node_id" : 6,
			"transformation" : 
			[
				0.99999848260549151,
				9.9908442530447257e-05,
				0.0017391966585106873,
				0.0,
				-9.7397571974795194e-05,
				0.99999895309196574,
				-0.0014437204320472809,
				0.0,
				-0.001739339077591547,
				0.0014435488478221016,
				0.99999744542988567,
				0.0,
				0.00030259061911480786,
				-0.00025408322901027445,
				0.00065012234381633591,
				1.0
			],
			"uncertain" : false,
			"version_major" : 1,
			"version_minor" : 0
		},
		{
			"class_name" : "PoseGraphEdge",
			"confidence" : 0.99886486144527076,
			"information" : 
			[
				72040.077050082822,
				60.939661113990894,
				2165.5235379523419,
				0.0,
				-130408.36567980051,
				-973.28250174314599,
				60.939661113990894,
				75351.40821764883,
				613.25652932702815,
				130408.36567980051,
				0.0,
				3247.4035654584877,
				2165.5235379523419,
				613.25652932702815,
				13575.093146060697,
				973.28250174314599,
				-3247.4035654584877,
				0.0,
				0.0,
				130408.36567980051,
				973.28250174314599,
				256464.0,
				0.0,
				0.0,
				-130408.36567980051,
				0.0,
				-3247.4035654584877,
				0.0,
				256464.0,
				0.0,
				-973.28250174314599,
				3247.4035654584877,
				0.0,
				0.0,
				0.0,
				256464.0
			],
			"source_node_id" : 5,
			"target_node_id" : 10,
			"transformation" : 
			[
				0.99867659212879478,
				-0.03329291784967419,
				0.039200075957465691,
				0.0,
				0.032910807211514743,
				0.99940466819535834,
				0.010353161739949015,
				0.0,
				-0.039521425868796131,
				-0.0090493541416974393,
				0.99917774499180823,
				0.0,
				-0.014323898506243911,
				-0.0010542998893729226,
				-0.0084981536152971444,
				1.0
			],
			"uncertain" : true,
			"version_major" : 1,
			"version_minor" : 0
		},
		{
			"class_name" : "PoseGraphEdge",
			"confidence" : 0.99674057817384498,
			"information" : 
			[
				87199.928534121718,
				66.811537559880747,
				1844.2268636107847,
				0.0,
				-151263.73237550259,
				930.61513649410335,
				66.811537559880747,
				92217.114136099612,
				-168.67610098424666,
				151263.73237550259,
				0.0,
				929.76578833136591,
				1844.2268636107847,
				-168.67610098424666,
				16581.210931216592,
				-930.61513649410335,
				-929.76578833136591,
				0.0,
				0.0,
				151263.73237550259,
				-930.61513649410335,
				283760.0,
				0.0,
				0.0,
				-151263.73237550259,
				0.0,
				-929.76578833136591,
				0.0,
				283760.0,
				0.0,
				930.61513649410335,
				929.76578833136591,
				0.0,
				0.0,
				0.0,
				283760.0
			],
			"source_node_id" : 5,
			"target_node_id" : 20,
			"transformation" : 
			[
				0.99969733521665405,
				-0.014260357975826692,
				-0.0200469486736253,
				0.0,
				0.013813268461570235,
				0.99965664101503349,
				-0.022266425149768142,
				0.0,
				0.020357592567154713,
				0.02198277200316064,
				0.99955106230743762,
				0.0,
				-0.010393347018259374,
				-0.0021378131529359913,
				0.012710089958190502,
				1.0
			],
			"uncertain" : true,
			"version_major" : 1,
			"version_minor" : 0
		},
		{
			"class_name" : "PoseGraphEdge",
			"confidence" : 0.99785192067819994,
			"information" : 
			[
				87810.674490115984,
				165.70180933375866,
				1812.9694090358653,
				0.0,
				-151177.59186545014,
				1349.3633818226226,
				165.70180933375866,
				92802.420413244574,
				-351.86812335360628,
				151177.59186545014,
				0.0,
				464.54259330016794,
				1812.9694090358653,
				-351.86812335360628,
				16239.465110193947,
				-1349.3633818226226,
				-464.54259330016794,
				0.0,
				0.0,
				151177.59186545014,
				-1349.3633818226226,
				280991.0,
				0.0,
				0.0,
				-151177.59186545014,
				0.0,
				-464.54259330016794,
				0.0,
				280991.0,
				0.0,
				1349.3633818226226,
				464.54259330016794,
				0.0,
				0.0,
				0.0,
				280991.0
			],
			"source_node_id" : 5,
			"target_node_id" : 25,
			"transformation" : 
			[
				0.99894682050285677,
				-0.022178748042710441,
				-0.040166564982475936,
				0.0,
				0.020980143873554395,
				0.99932907692947603,
				-0.030020485777652678,
				0.0,
				0.040805433097548208,
				0.029146168505298393,
				0.99874191735962625,
				0.0,
				-0.018192271086478268,
				-0.001676371162620288,
				0.017542984736601562,
				1.0
			],
			"uncertain" : true,
			"version_major" : 1,
			"version_minor" : 0
		},
		{
			"class_name" : "PoseGraphEdge",
			"confidence" : 0.99818901400908311,
			"information" : 
			[
				88018.788463874414,
				71.010994961411257,
				3342.308013754171,
				0.0,
				-151513.3140347302,
				1394.7400094030891,
				71.010994961411257,
				93189.713512736649,
				-364.1741371625485,
				151513.3140347302,
				0.0,
				3458.337653802213,
				3342.308013754171,
				-364.1741371625485,
				16546.572517176472,
				-1394.7400094030891,
				-3458.337653802213,
				0.0,
				0.0,
				151513.3140347302,
				-1394.7400094030891,
				281650.0,
				0.0,
				0.0,
				-151513.3140347302,
				0.0,
				-3458.337653802213,
				0.0,
				281650.0,
				0.0,
				1394.7400094030891,
				3458.337653802213,
				0.0,
				0.0,
				0.0,
				281650.0
			],
			"source_node_id" : 5,
			"target_node_id" : 30,
			"transformation" : 
			[
				0.99955432683251777,
				-0.023046917664157399,
				-0.018973331193388593,
				0.0,
				0.022476326376374738,
				0.99930444392065965,
				-0.029756396170307335,
				0.0,
				0.019645927390051023,
				0.029316683758623532,
				0.9993770907872479,
				0.0,
				-0.019361396843043423,
				-0.0026234109122116713,
				0.016618985759796805,
				1.0
			],
			"uncertain" : true,
			"version_major" : 1,
			"version_minor" : 0
		},
		{
			"class_name" : "PoseGraphEdge",
			"confidence" : 0.97923576553293534,
			"information" : 
			[
				79637.829318006989,
				-132.32811732410204,
				2690.7762086207804,
				0.0,
				-139398.32874941826,
				928.27150056147366,
				-132.32811732410204,
				83244.543746756201,
				-149.07871475712091,
				139398.32874941826,
				0.0,
				4116.1730474070064,
				2690.7762086207804,
				-149.07871475712091,
				14098.643980039653,
				-928.27150056147366,
				-4116.1730474070064,
				0.0,
				0.0,
				139398.32874941826,
				-928.27150056147366,
				263414.0,
				0.0,
				0.0,
				-139398.32874941826,
				0.0,
				-4116.1730474070064,
				0.0,
				263414.0,
				0.0,
				928.27150056147366,
				4116.1730474070064,
				0.0,
				0.0,
				0.0,
				263414.0
			],
			"source_node_id" : 5,
			"target_node_id" : 35,
			"transformation" : 
			[
				0.99808514977649276,
				-0.020627001420315434,
				0.05831432592462274,
				0.0,
				0.021976532435163079,
				0.99950309191549924,
				-0.022596488078586236,
				0.0,
				-0.057819251272937668,
				0.023834765863456214,
				0.99804250316230136,
				0.0,
				-0.0067240960692914941,
				-0.00049956937557589433,
				0.012547971129221796,
				1.0
			],
			"uncertain" : true,
			"version_major" : 1,
			"version_minor" : 0
		},
		{
			"class_name" : "PoseGraphEdge",
			"confidence" : 0.9899583126672824,
			"information" : 
			[
				68654.57836752056,
				-263.56602258789877,
				2605.3042464866321,
				0.0,
				-120705.22272548079,
				590.65690827002982,
				-263.56602258789877,
				70184.457865902223,
				33.769290081842883,
				120705.22272548079,
				0.0,
				5853.8073660872469,
				2605.3042464866321,
				33.769290081842883,
				10598.130197092622,
				-590.65690827002982,
				-5853.8073660872469,
				0.0,
				0.0,
				120705.22272548079,
				-590.65690827002982,
				229390.0,
				0.0,
				0.0,
				-120705.22272548079,
				0.0,
				-5853.8073660872469,
				0.0,
				229390.0,
				0.0,
				590.65690827002982,
				5853.8073660872469,
				0.0,
				0.0,
				0.0,
				229390.0
			],
			"source_node_id" : 5,
			"target_node_id" : 40,
			"transformation" : 
			[
				0.98719211578608068,
				-0.02529076763555161,
				0.1575185817680117,
				0.0,
				0.02983656377446478,
				0.99920182982741046,
				-0.026560924902684437,
				0.0,
				-0.15672110895451669,
				0.030920548862500473,
				0.98715875808610842,
				0.0,
				2.9166350097566292e-05,
				-0.0016856648808988655,
				0.013134572064413284,
				1.0
			],
			"uncertain" : true,
			"version_major" : 1,
			"version_minor" : 0
		},
		{
			"class_name" : "PoseGraphEdge",
			"confidence" : 0.99396866537229023,
			"information" : 
			[
				70603.609973118175,
				-438.0491194213414,
				2106.0192899958124,
				0.0,
				-121817.48502480984,
				2031.3703704336949,
				-438.0491194213414,
				72015.912275643495,
				-662.84639187254925,
				121817.48502480984,
				0.0,
				5558.7481705806858,
				2106.0192899958124,
				-662.84639187254925,
				10039.736569844277,
				-2031.3703704336949,
				-5558.7481705806858,
				0.0,
				0.0,
				121817.48502480984,
				-2031.3703704336949,
				226380.0,
				0.0,
				0.0,
				-121817.48502480984,
				0.0,
				-5558.7481705806858,
				0.0,
				226380.0,
				0.0,
				2031.3703704336949,
				5558.7481705806858,
				0.0,
				0.0,
				0.0,
				226380.0
			],
			"source_node_id" : 5,
			"target_node_id" : 50,
			"transformation" : 
			[
				0.97598497838367948,
				0.0051087608952586367,
				0.21777792021121642,
				0.0,
				0.0062053058691722389,
				0.99866725560843195,
				-0.05123677150830469,
				0.0,
				-0.2177494343241286,
				0.05135769793944564,
				0.9746525384535164,
				0.0,
				0.029667428081812743,
				-0.0032463513100956846,
				0.029142878915702424,
				1.0
			],
			"uncertain" : true,
			"version_major" : 1,
			"version_minor" : 0
		},
		{
			"class_name" : "PoseGraphEdge",
			"confidence" : 0.99057985131313364,
			"information" : 
			[
				71301.010414442339,
				-508.23029281740043,
				1581.1464352913329,
				0.0,
				-122645.53694993258,
				2358.3264462819789,
				-508.23029281740043,
				72787.226696619764,
				-849.28824533744137,
				122645.53694993258,
				0.0,
				4683.7303374742041,
				1581.1464352913329,
				-849.28824533744137,
				10077.529003950911,
				-2358.3264462819789,
				-4683.7303374742041,
				0.0,
				0.0,
				122645.53694993258,
				-2358.3264462819789,
				227073.0,
				0.0,
				0.0,
				-122645.53694993258,
				0.0,
				-4683.7303374742041,
				0.0,
				227073.0,
				0.0,
				2358.3264462819789,
				4683.7303374742041,
				0.0,
				0.0,
				0.0,
				227073.0
			],
			"source_node_id" : 5,
			"target_node_id" : 55,
			"transformation" : 
			[
				0.97350057350429242,
				0.021967737655235492,
				0.22762700166967267,
				0.0,
				-0.0090481318897334718,
				0.9982960432847271,
				-0.057646693498965083,
				0.0,
				-0.22850550255107743,
				0.054059490049097061,
				0.97204053765237142,
				0.0,
				0.041754955378466567,
				-0.0028619538848060622,
				0.032606696468435704,
				1.0
			],
			"uncertain" : true,
			"version_major" : 1,
			"version_minor" : 0
		},
		{
			"class_name" : "PoseGraphEdge",
			"confidence" : 0.99700699223137046,
			"information" : 
			[
				71727.465768795562,
				-488.37431185273948,
				1974.3653795342384,
				0.0,
				-122886.99520540237,
				2364.8031863924407,
				-488.37431185273948,
				73313.351642426889,
				-822.66374954590174,
				122886.99520540237,
				0.0,
				5395.273598502361,
				1974.3653795342384,
				-822.66374954590174,
				10150.67847156131,
				-2364.8031863924407,
				-5395.273598502361,
				0.0,
				0.0,
				122886.99520540237,
				-2364.8031863924407,
				226493.0,
				0.0,
				0.0,
				-122886.99520540237,
				0.0,
				-5395.273598502361,
				0.0,
				226493.0,
				0.0,
				2364.8031863924407,
				5395.273598502361,
				0.0,
				0.0,
				0.0,
				226493.0
			],
			"source_node_id" : 5,
			"target_node_id" : 60,
			"transformation" : 
			[
				0.97441011197658933,
				0.020611595498142499,
				0.22383050687695047,
				0.0,
				-0.0070020326163769339,
				0.99808699654165089,
				-0.061427346302010667,
				0.0,
				-0.22466843395771227,
				0.05828815887887389,
				0.97269038512648054,
				0.0,
				0.037456147422592512,
				-0.0039726147413838581,
				0.03448902932496526,
				1.0
			],
			"uncertain" : true,
			"version_major" : 1,
			"version_minor" : 0
		},
		{
			"class_name" : "PoseGraphEdge",
			"confidence" : 0.99654668932468338,
			"information" : 
			[
				71113.407055838237,
				-482.60246440668891,
				2043.9739452766084,
				0.0,
				-122058.36808612943,
				2224.75544660163,
				-482.60246440668891,
				72602.678750375606,
				-747.77970823416945,
				122058.36808612943,
				0.0,
				5534.0999633727479,
				2043.9739452766084,
				-747.77970823416945,
				10022.405337232049,
				-2224.75544660163,
				-5534.0999633727479,
				0.0,
				0.0,
				122058.36808612943,
				-2224.75544660163,
				225466.0,
				0.0,
				0.0,
				-122058.36808612943,
				0.0,
				-5534.0999633727479,
				0.0,
				225466.0,
				0.0,
				2224.75544660163,
				5534.0999633727479,
				0.0,
				0.0,
				0.0,
				225466.0
			],
			"source_node_id" : 5,
			"target_node_id" : 65,
			"transformation" : 
			[
				0.97427071988466785,
				0.015587662806978523,
				0.22484125320685136,
				0.0,
				-0.0022438791064669146,
				0.99822689049941615,
				-0.059481426432311066,
				0.0,
				-0.22536976146317209,
				0.057446495559631834,
				0.97257820804599115,
				0.0,
				0.035218815726332245,
				-0.0043715252895492355,
				0.033050938446622435,
				1.0
			],
			"uncertain" : true,
			"version_major" : 1,
			"version_minor" : 0
		},
		{
			"class_name" : "PoseGraphEdge",
			"confidence" : 0.99873002860854798,
			"information" : 
			[
				71273.974956151855,
				-501.55554543948983,
				1975.5379827440206,
				0.0,
				-122175.913233459,
				2471.5751866271021,
				-501.55554543948983,
				72761.271778915805,
				-884.53848616061714,
				122175.913233459,
				0.0,
				5453.923805169703,
				1975.5379827440206,
				-884.53848616061714,
				9934.1012195668445,
				-2471.5751866271021,
				-5453.923805169703,
				0.0,
				0.0,
				122175.913233459,
				-2471.5751866271021,
				225265.0,
				0.0,
				0.0,
				-122175.913233459,
				0.0,
				-5453.923805169703,
				0.0,
				225265.0,
				0.0,
				2471.5751866271021,
				5453.923805169703,
				0.0,
				0.0,
				0.0,
				225265.0
			],
			"source_node_id" : 5,
			"target_node_id" : 70,
			"transformation" : 
			[
				0.97295941877129133,
				0.022321926567909118,
				0.22989497823686117,
				0.0,
