{
	"class_name" : "PoseGraph",
	"edges" : 
	[
		{
			"class_name" : "PoseGraphEdge",
			"confidence" : 1.0,
			"information" : 
			[
				68190.21448096032,
				-26.292539838172004,
				-1093.6821752619715,
				0.0,
				-133444.10873043537,
				-110.12658104571165,
				-26.292539838172004,
				72178.76917651674,
				-171.2188109606177,
				133444.10873043537,
				0.0,
				-2010.715011316177,
				-1093.6821752619715,
				-171.2188109606177,
				13771.163337867396,
				110.12658104571165,
				2010.715011316177,
				0.0,
				0.0,
				133444.10873043537,
				110.12658104571165,
				284285.0,
				0.0,
				0.0,
				-133444.10873043537,
				0.0,
				2010.715011316177,
				0.0,
				284285.0,
				0.0,
				-110.12658104571165,
				-2010.715011316177,
				0.0,
				0.0,
				0.0,
				284285.0
			],
			"source_node_id" : 0,
			"target_node_id" : 1,
			"transformation" : 
			[
				0.99999997298965415,
				2.6884938994099712e-05,
				-0.00023086336041791073,
				0.0,
				-2.6844446314143875e-05,
				0.99999998425745085,
				0.00017539804377583956,
				0.0,
				0.00023086807234923978,
				-0.00017539184163919394,
				0.99999995796881591,
				0.0,
				-0.00015799202145047196,
				-9.2703539248605997e-05,
				1.7314978912596193e-06,
				1.0
			],
			"uncertain" : false,
			"version_major" : 1,
			"version_minor" : 0
		},
		{
			"class_name" : "PoseGraphEdge",
			"confidence" : 0.99937777840550124,
			"information" : 
			[
				67846.781122956047,
				-26.089596757609741,
				-1121.3565397373604,
				0.0,
				-132748.71929529309,
				-422.31623488257173,
				-26.089596757609741,
				71828.542005669267,
				-14.288187925505554,
				132748.71929529309,
				0.0,
				-2073.1754056879727,
				-1121.3565397373604,
				-14.288187925505554,
				13726.806581374009,
				422.31623488257173,
				2073.1754056879727,
				0.0,
				0.0,
				132748.71929529309,
				422.31623488257173,
				282782.0,
				0.0,
				0.0,
				-132748.71929529309,
				0.0,
				2073.1754056879727,
				0.0,
				282782.0,
				0.0,
				-422.31623488257173,
				-2073.1754056879727,
				0.0,
				0.0,
				0.0,
				282782.0
			],
			"source_node_id" : 0,
			"target_node_id" : 5,
			"transformation" : 
			[
				0.99999998554589253,
				0.00011680961330758473,
				0.00012354647078109023,
				0.0,
				-0.00011688207211168758,
				0.99999982109265229,
				0.00058664575839649578,
				0.0,
				-0.00012347792281349899,
				-0.00058666019028481202,
				0.99999982029149614,
				0.0,
				0.00024955851952087178,
				-0.00023649420299827684,
				2.0076824393477957e-05,
				1.0
			],
			"uncertain" : true,
			"version_major" : 1,
			"version_minor" : 0
		},
		{
			"class_name" : "PoseGraphEdge",
			"confidence" : 0.99932226035489669,
			"information" : 
			[
				67846.781122956047,
				-26.089596757609741,
				-1121.3565397373604,
				0.0,
				-132748.71929529309,
				-422.31623488257173,
				-26.089596757609741,
				71828.542005669267,
				-14.288187925505554,
				132748.71929529309,
				0.0,
				-2073.1754056879727,
				-1121.3565397373604,
				-14.288187925505554,
				13726.806581374009,
				422.31623488257173,
				2073.1754056879727,
				0.0,
				0.0,
				132748.71929529309,
				422.31623488257173,
				282782.0,
				0.0,
				0.0,
				-132748.71929529309,
				0.0,
				2073.1754056879727,
				0.0,
				282782.0,
				0.0,
				-422.31623488257173,
				-2073.1754056879727,
				0.0,
				0.0,
				0.0,
				282782.0
			],
			"source_node_id" : 0,
			"target_node_id" : 10,
			"transformation" : 
			[
				0.99999989481177565,
				0.00013160463995588373,
				-0.00043938213163662238,
				0.0,
				-0.00013124899381465385,
				0.99999966385980155,
				0.000809354054197271,
				0.0,
				0.00043948849869162936,
				-0.00080929630060018389,
				0.9999995759445891,
				0.0,
				-0.00051389681702661803,
				-0.00012643306272588337,
				3.119279529736477e-05,
				1.0
			],
			"uncertain" : true,
			"version_major" : 1,
			"version_minor" : 0
		},
		{
			"class_name" : "PoseGraphEdge",
			"confidence" : 0.9994923013024285,
			"information" : 
			[
				67568.569166741509,
				-29.174103728429685,
				-1168.1783030557121,
				0.0,
				-132126.29329922795,
				-175.40080889768433,
				-29.174103728429685,
				71553.159059751022,
				-137.86759155542677,
				132126.29329922795,
				0.0,
				-2179.1542787479702,
				-1168.1783030557121,
				-137.86759155542677,
				13683.757650823505,
				175.40080889768433,
				2179.1542787479702,
				0.0,
				0.0,
				132126.29329922795,
				175.40080889768433,
				281292.0,
				0.0,
				0.0,
				-132126.29329922795,
				0.0,
				2179.1542787479702,
				0.0,
				281292.0,
				0.0,
				-175.40080889768433,
				-2179.1542787479702,
				0.0,
				0.0,
				0.0,
				281292.0
			],
			"source_node_id" : 0,
			"target_node_id" : 15,
			"transformation" : 
			[
				0.99999999675872597,
				5.3533364284859931e-05,
				-6.0139240011798035e-05,
				0.0,
				-5.3506543340193373e-05,
				0.99999989915783716,
				0.00044589389612729687,
				0.0,
				6.0163104147797821e-05,
				-0.00044589067683933176,
				0.99999989878094808,
				0.0,
				-0.00034462518913608645,
				-0.00018288796495701708,
				0.00011082483008920159,
				1.0
			],
			"uncertain" : true,
			"version_major" : 1,
			"version_minor" : 0
		},
		{
			"class_name" : "PoseGraphEdge",
			"confidence" : 0.99981867196836005,
			"information" : 
			[
				67635.807507669291,
				-37.170197514608475,
				-1164.261710534998,
				0.0,
				-132207.65125775337,
				-276.37590351782274,
				-37.170197514608475,
				71604.294661137741,
				-85.058870698664578,
				132207.65125775337,
				0.0,
				-2170.8714132525201,
				-1164.261710534998,
				-85.058870698664578,
				13700.073632980351,
				276.37590351782274,
				2170.8714132525201,
				0.0,
				0.0,
				132207.65125775337,
				276.37590351782274,
				281404.0,
				0.0,
				0.0,
				-132207.65125775337,
				0.0,
				2170.8714132525201,
				0.0,
				281404.0,
				0.0,
				-276.37590351782274,
				-2170.8714132525201,
				0.0,
				0.0,
				0.0,
				281404.0
			],
			"source_node_id" : 0,
			"target_node_id" : 20,
			"transformation" : 
			[
				0.99999998599949402,
				0.00013880824208078595,
				-9.3452045488064134e-05,
				0.0,
				-0.00013868406250429143,
				0.99999910925080515,
				0.0013275030424564932,
				0.0,
				9.3636230609306901e-05,
				-0.0013274900635619885,
				0.99999911450080148,
				0.0,
				-0.00034529589461747815,
				0.000229532791183973,
				3.636062080947632e-05,
				1.0
			],
			"uncertain" : true,
			"version_major" : 1,
			"version_minor" : 0
		},
		{
			"class_name" : "PoseGraphEdge",
			"confidence" : 0.99973991763559489,
			"information" : 
			[
				67635.157276627346,
				-28.063658965742931,
				-1154.030056041124,
				0.0,
				-132189.18561169505,
				-196.39521707658423,
				-28.063658965742931,
				71608.067422363267,
				-132.13637495542207,
				132189.18561169505,
				0.0,
				-2149.3134359058167,
				-1154.030056041124,
				-132.13637495542207,
				13701.277971754826,
				196.39521707658423,
				2149.3134359058167,
				0.0,
				0.0,
				132189.18561169505,
				196.39521707658423,
				281325.0,
				0.0,
				0.0,
				-132189.18561169505,
				0.0,
				2149.3134359058167,
				0.0,
				281325.0,
				0.0,
				-196.39521707658423,
				-2149.3134359058167,
				0.0,
				0.0,
				0.0,
				281325.0
			],
			"source_node_id" : 0,
			"target_node_id" : 25,
			"transformation" : 
			[
				0.99999998672743562,
				8.1813460047255971e-05,
				-0.00014089601407250748,
				0.0,
				-8.1776192513785876e-05,
				0.99999996167903971,
				0.00026448926795302362,
				0.0,
				0.00014091764745549626,
				-0.00026447774250323679,
				0.99999995509686868,
				0.0,
				-0.00040865644086357674,
				-0.00027287623129022999,
				0.00010171151069824224,
				1.0
			],
			"uncertain" : true,
			"version_major" : 1,
			"version_minor" : 0
		},
		{
			"class_name" : "PoseGraphEdge",
			"confidence" : 0.99962784779088731,
			"information" : 
			[
				67593.17756276016,
				-24.846666090925012,
				-1174.1649881333653,
				0.0,
				-132150.25763583183,
				-269.47001200699015,
				-24.846666090925012,
				71589.054146481212,
				-91.768857420881432,
				132150.25763583183,
				0.0,
				-2195.52153840143,
				-1174.1649881333653,
				-91.768857420881432,
				13679.034540750879,
				269.47001200699015,
				2195.52153840143,
				0.0,
				0.0,
				132150.25763583183,
				269.47001200699015,
				281249.0,
				0.0,
				0.0,
				-132150.25763583183,
				0.0,
				2195.52153840143,
				0.0,
				281249.0,
				0.0,
				-269.47001200699015,
				-2195.52153840143,
				0.0,
				0.0,
				0.0,
				281249.0
			],
			"source_node_id" : 0,
			"target_node_id" : 30,
			"transformation" : 
			[
				0.99999998068203699,
				-9.1809708833983725e-05,
				-0.00017380132672630241,
				0.0,
				9.1925599589991899e-05,
				0.99999977339056267,
				0.00066690966943021496,
				0.0,
				0.0001737400585589512,
				-0.00066692563333854997,
				0.9999997625122673,
				0.0,
				-0.00039853503410020171,
				-8.955377358312715e-05,
				0.00021202724222194546,
				1.0
			],
			"uncertain" : true,
			"version_major" : 1,
			"version_minor" : 0
		},
		{
			"class_name" : "PoseGraphEdge",
			"confidence" : 0.9998767528997381,
			"information" : 
			[
				67695.399041484663,
				-28.625948039468042,
				-1166.366145517738,
				0.0,
				-132295.13158661127,
				-304.93913817775319,
				-28.625948039468042,
				71674.322561470355,
				-70.870852028176159,
				132295.13158661127,
				0.0,
				-2177.6649472311838,
				-1166.366145517738,
				-70.870852028176159,
				13705.65401740657,
				304.93913817775319,
				2177.6649472311838,
				0.0,
				0.0,
				132295.13158661127,
				304.93913817775319,
				281501.0,
				0.0,
				0.0,
				-132295.13158661127,
				0.0,
				2177.6649472311838,
				0.0,
				281501.0,
				0.0,
				-304.93913817775319,
				-2177.6649472311838,
				0.0,
				0.0,
				0.0,
				281501.0
			],
			"source_node_id" : 0,
			"target_node_id" : 35,
			"transformation" : 
			[
				0.99999999645434146,
				5.74386939217707e-05,
				-6.1580149084187097e-05,
				0.0,
				-5.7331236414847054e-05,
				0.99999847830876121,
				0.0017435863306048999,
				0.0,
				6.1680204699725654e-05,
				-0.0017435827939567008,
				0.99999847805613884,
				0.0,
				-0.00031201597022957963,
				0.00043209686329682799,
				9.8010233046044476e-05,
				1.0
			],
			"uncertain" : true,
			"version_major" : 1,
			"version_minor" : 0
		},
		{
			"class_name" : "PoseGraphEdge",
			"confidence" : 0.99978964550972627,
			"information" : 
			[
				67665.713016094349,
				-27.597447765652191,
				-1168.3982409630025,
				0.0,
				-132177.87744855881,
				-192.72834337587119,
				-27.597447765652191,
				71631.558332310829,
				-136.42636830314314,
				132177.87744855881,
				0.0,
				-2182.8833673678455,
				-1168.3982409630025,
				-136.42636830314314,
				13713.05226054438,
				192.72834337587119,
				2182.8833673678455,
				0.0,
				0.0,
				132177.87744855881,
				192.72834337587119,
				281186.0,
				0.0,
				0.0,
				-132177.87744855881,
				0.0,
				2182.8833673678455,
				0.0,
				281186.0,
				0.0,
				-192.72834337587119,
				-2182.8833673678455,
				0.0,
				0.0,
				0.0,
				281186.0
			],
			"source_node_id" : 0,
			"target_node_id" : 40,
			"transformation" : 
			[
				0.99999995518527618,
				1.6313461611614389e-05,
				-0.00029893697511790713,
				0.0,
				-1.6331145730749449e-05,
				0.99999999811702855,
				-5.9154336798527933e-05,
				0.0,
				0.00029893600954253958,
				5.9159216130984672e-05,
				0.99999995356872351,
				0.0,
				-0.00045872472658925288,
				-0.00040024020646982567,
				0.00010268010324273912,
				1.0
			],
			"uncertain" : true,
			"version_major" : 1,
			"version_minor" : 0
		},
		{
			"class_name" : "PoseGraphEdge",
			"confidence" : 0.99984362934799453,
			"information" : 
			[
				67553.651357943076,
				-33.281015499296174,
				-1182.7459970441976,
				0.0,
				-131987.00902658701,
				-363.66124430127093,
				-33.281015499296174,
				71530.466321155196,
				-45.194325397427747,
				131987.00902658701,
				0.0,
				-2219.668388044287,
				-1182.7459970441976,
				-45.194325397427747,
				13679.601735139135,
				363.66124430127093,
				2219.668388044287,
				0.0,
				0.0,
				131987.00902658701,
				363.66124430127093,
				280773.0,
				0.0,
				0.0,
				-131987.00902658701,
				0.0,
				2219.668388044287,
				0.0,
				280773.0,
				0.0,
				-363.66124430127093,
				-2219.668388044287,
				0.0,
				0.0,
				0.0,
				280773.0
			],
			"source_node_id" : 0,
			"target_node_id" : 45,
			"transformation" : 
			[
				0.99999995652673646,
				0.00013446734668425941,
				0.00026242152816754739,
				0.0,
				-0.00013467231068575489,
				0.99999968580474463,
				0.00078118741783712289,
				0.0,
				-0.00026231640151651281,
				-0.00078122272478974258,
				0.99999966044052191,
				0.0,
				-0.00016045594753597665,
				-8.5726740971364587e-05,
				0.00015832277350232046,
				1.0
			],
			"uncertain" : true,
			"version_major" : 1,
			"version_minor" : 0
		},
		{
			"class_name" : "PoseGraphEdge",
			"confidence" : 0.99980076984958244,
			"information" : 
			[
				67538.179052854888,
				-22.677957890220554,
				-1160.8731383997426,
				0.0,
				-131997.51666158438,
				-344.11869898575242,
				-22.677957890220554,
				71521.089541775145,
				-56.677662358779344,
				131997.51666158438,
				0.0,
				-2169.3401761185087,
				-1160.8731383997426,
				-56.677662358779344,
				13657.929265010893,
				344.11869898575242,
				2169.3401761185087,
				0.0,
				0.0,
				131997.51666158438,
				344.11869898575242,
				280834.0,
				0.0,
				0.0,
				-131997.51666158438,
				0.0,
				2169.3401761185087,
				0.0,
				280834.0,
				0.0,
				-344.11869898575242,
				-2169.3401761185087,
				0.0,
				0.0,
				0.0,
				280834.0
			],
			"source_node_id" : 0,
			"target_node_id" : 50,
			"transformation" : 
			[
				0.99999999361605918,
				5.3027411065448911e-05,
				-9.9779633816787772e-05,
				0.0,
				-5.29616811484155e-05,
				0.99999978169536352,
				0.00065863820555548259,
				0.0,
				9.9814537913204963e-05,
				-0.00065863291685316634,
				0.99999977811984497,
				0.0,
				-0.0004231263239573957,
				-0.0001541656121851025,
				0.00024038257499332249,
				1.0
			],
			"uncertain" : true,
			"version_major" : 1,
			"version_minor" : 0
		},
		{
			"class_name" : "PoseGraphEdge",
			"confidence" : 0.99987951211822312,
			"information" : 
			[
				67594.694844187805,
				-35.026857257645609,
				-1172.2730007470377,
				0.0,
				-132036.94427156448,
				-392.82241236892878,
				-35.026857257645609,
				71562.462468772705,
				-31.146758030826277,
				132036.94427156448,
				0.0,
				-2189.5597441300633,
				-1172.2730007470377,
				-31.146758030826277,
				13694.071816819331,
				392.82241236892878,
				2189.5597441300633,
				0.0,
				0.0,
				132036.94427156448,
				392.82241236892878,
				280863.0,
				0.0,
				0.0,
				-132036.94427156448,
				0.0,
				2189.5597441300633,
				0.0,
				280863.0,
				0.0,
				-392.82241236892878,
				-2189.5597441300633,
				0.0,
				0.0,
				0.0,
				280863.0
			],
			"source_node_id" : 0,
			"target_node_id" : 55,
			"transformation" : 
			[
				0.99999993589192837,
				0.00016313693216900239,
				-0.00031875144021341432,
				0.0,
				-0.00016279420858992703,
				0.99999940900445861,
				0.0010749366395449277,
				0.0,
				0.00031892661369855755,
				-0.001074884679744248,
				0.99999937145417295,
				0.0,
				-0.00049554906257952335,
				5.2534367417691251e-05,
				0.0001860658525602197,
				1.0
			],
			"uncertain" : true,
			"version_major" : 1,
			"version_minor" : 0
		},
		{
			"class_name" : "PoseGraphEdge",
			"confidence" : 0.99984591150014468,
			"information" : 
			[
				67694.94880880104,
				-31.833294882942383,
				-1172.4223626212465,
				0.0,
				-132222.11187508702,
				-374.58694378784276,
				-31.833294882942383,
				71672.960609299305,
				-42.321532416485752,
				132222.11187508702,
				0.0,
				-2190.8506536991626,
				-1172.4223626212465,
				-42.321532416485752,
				13713.169925043381,
				374.58694378784276,
				2190.8506536991626,
				0.0,
				0.0,
				132222.11187508702,
				374.58694378784276,
				281210.0,
				0.0,
				0.0,
				-132222.11187508702,
				0.0,
				2190.8506536991626,
				0.0,
				281210.0,
				0.0,
				-374.58694378784276,
				-2190.8506536991626,
				0.0,
				0.0,
				0.0,
				281210.0
			],
			"source_node_id" : 0,
			"target_node_id" : 60,
			"transformation" : 
			[
				0.99999982712884661,
				4.6978586947430664e-05,
				0.00058611883479905297,
				0.0,
				-4.7192712956568394e-05,
				0.999999932157005,
				0.00036532017999619897,
				0.0,
				-0.00058610163280906438,
				-0.00036534777738082803,
				0.99999976150290981,
				0.0,
				3.9855452447875163e-05,
				-0.00028357148625335934,
				8.6302111294243164e-05,
				1.0
			],
			"uncertain" : true,
			"version_major" : 1,
			"version_minor" : 0
		},
		{
			"class_name" : "PoseGraphEdge",
			"confidence" : 0.9997586278299736,
			"information" : 
			[
				67698.233439395437,
				-33.668921668558269,
				-1191.6972835435283,
				0.0,
				-132215.38426283002,
				-226.62649889566819,
				-33.668921668558269,
				71685.164856174844,
				-117.59029682585333,
				132215.38426283002,
				0.0,
				-2233.138638115488,
				-1191.6972835435283,
				-117.59029682585333,
				13713.278156111195,
				226.62649889566819,
				2233.138638115488,
				0.0,
				0.0,
				132215.38426283002,
				226.62649889566819,
				281149.0,
				0.0,
				0.0,
				-132215.38426283002,
				0.0,
				2233.138638115488,
				0.0,
				281149.0,
				0.0,
				-226.62649889566819,
				-2233.138638115488,
				0.0,
				0.0,
				0.0,
				281149.0
			],
			"source_node_id" : 0,
			"target_node_id" : 65,
			"transformation" : 
			[
				0.99999997288666476,
				0.00014442972983821849,
				-0.00018266560337752436,
				0.0,
				-0.00014441329880552617,
				0.99999998552587055,
				8.9961425697550074e-05,
				0.0,
				0.00018267859383802544,
				-8.9935043916000582e-05,
				0.99999997927010997,
				0.0,
				-0.00037648534953302353,
				-0.00037812415990962496,
				8.7079939501044477e-05,
				1.0
			],
			"uncertain" : true,
			"version_major" : 1,
			"version_minor" : 0
		},
		{
			"class_name" : "PoseGraphEdge",
			"confidence" : 0.99941504817722637,
			"information" : 
			[
				67770.893545801606,
				-27.403461260739419,
				-1179.8725843643472,
				0.0,
				-132317.95370957255,
				-156.85738179419423,
				-27.403461260739419,
				71742.931172699828,
				-152.41102484013572,
				132317.95370957255,
				0.0,
				-2204.5966588827432,
				-1179.8725843643472,
				-152.41102484013572,
				13732.490736447176,
				156.85738179419423,
				2204.5966588827432,
				0.0,
				0.0,
				132317.95370957255,
				156.85738179419423,
				281337.0,
				0.0,
				0.0,
				-132317.95370957255,
				0.0,
				2204.5966588827432,
				0.0,
				281337.0,
				0.0,
				-156.85738179419423,
				-2204.5966588827432,
				0.0,
				0.0,
				0.0,
				281337.0
			],
			"source_node_id" : 0,
			"target_node_id" : 70,
			"transformation" : 
			[
				0.99999999318161858,
				2.116022441500221e-05,
				-0.00011484340225667411,
				0.0,
				-2.1115082734607556e-05,
				0.99999992252954839,
				0.0003930585832994664,
				0.0,
				0.0001148517105676956,
				-0.00039305615569152838,
				0.99999991615796791,
				0.0,
				-0.00039913206292488504,
				-0.00020952015015438636,
				4.8975773815880525e-05,
				1.0
			],
			"uncertain" : true,
			"version_major" : 1,
			"version_minor" : 0
		},
		{
			"class_name" : "PoseGraphEdge",
			"confidence" : 0.99975023233880589,
			"information" : 
			[
				67741.554851460503,
				-24.114773848727324,
				-1187.0548606781126,
				0.0,
				-132266.71750938892,
				-169.75541365353274,
				-24.114773848727324,
				71711.602102315432,
				-146.53303173473068,
				132266.71750938892,
				0.0,
				-2219.0060777334147,
				-1187.0548606781126,
				-146.53303173473068,
				13726.511078422705,
				169.75541365353274,
				2219.0060777334147,
				0.0,
				0.0,
				132266.71750938892,
				169.75541365353274,
				281244.0,
				0.0,
				0.0,
				-132266.71750938892,
				0.0,
				2219.0060777334147,
				0.0,
				281244.0,
				0.0,
				-169.75541365353274,
				-2219.0060777334147,
				0.0,
				0.0,
				0.0,
				281244.0
			],
			"source_node_id" : 0,
			"target_node_id" : 75,
			"transformation" : 
			[
				0.99999999856951027,
				-1.7823118234607996e-05,
				-5.0431301017274534e-05,
				0.0,
				1.7837596556284229e-05,
				0.99999995862652513,
				0.00028710410387096786,
				0.0,
				5.0426181840137377e-05,
				-0.00028710500303371061,
				0.99999995751395698,
				0.0,
				-0.0003632658754865687,
				-0.00026851353950859335,
				1.5213398752930528e-05,
				1.0
			],
			"uncertain" : true,
			"version_major" : 1,
			"version_minor" : 0
		},
		{
			"class_name" : "PoseGraphEdge",
			"confidence" : 0.99907746907821582,
			"information" : 
			[
				67801.441360054654,
				-25.554530922671944,
				-1166.7076393699631,
				0.0,
				-132404.59690654278,
				-159.72734745327034,
				-25.554530922671944,
				71778.992497391941,
				-148.58593633947839,
				132404.59690654278,
				0.0,
				-2171.1593390479102,
				-1166.7076393699631,
				-148.58593633947839,
				13730.934441055299,
				159.72734745327034,
				2171.1593390479102,
				0.0,
				0.0,
				132404.59690654278,
				159.72734745327034,
				281559.0,
				0.0,
				0.0,
				-132404.59690654278,
				0.0,
				2171.1593390479102,
				0.0,
				281559.0,
				0.0,
				-159.72734745327034,
				-2171.1593390479102,
				0.0,
				0.0,
				0.0,
				281559.0
			],
			"source_node_id" : 0,
			"target_node_id" : 80,
			"transformation" : 
			[
				0.99999998469094042,
				0.00017239701814484031,
				-2.9956438425501723e-05,
				0.0,
				-0.00017238316672695025,
				0.9999998785242431,
				0.00046177434161960877,
				0.0,
				3.0036043305822248e-05,
				-0.00046176917056495095,
				0.99999989293352942,
				0.0,
				-0.00034610939404743698,
				-0.00016569781952167572,
				5.0190091809720259e-05,
				1.0
			],
			"uncertain" : true,
			"version_major" : 1,
			"version_minor" : 0
		},
		{
			"class_name" : "PoseGraphEdge",
			"confidence" : 0.99974388719159735,
			"information" : 
			[
				67770.795482457703,
				-25.297387847958049,
				-1169.0542538191505,
				0.0,
				-132316.84194427729,
				-152.35660839205957,
				-25.297387847958049,
				71743.934994242562,
				-152.76749881426167,
				132316.84194427729,
				0.0,
				-2177.9264213856659,
				-1169.0542538191505,
				-152.76749881426167,
				13732.691668613557,
				152.35660839205957,
				2177.9264213856659,
				0.0,
				0.0,
				132316.84194427729,
				152.35660839205957,
				281335.0,
				0.0,
				0.0,
				-132316.84194427729,
				0.0,
				2177.9264213856659,
				0.0,
				281335.0,
				0.0,
				-152.35660839205957,
				-2177.9264213856659,
				0.0,
				0.0,
				0.0,
				281335.0
			],
			"source_node_id" : 0,
			"target_node_id" : 85,
			"transformation" : 
			[
				0.99999999109447046,
				0.00012922069236897553,
				-3.3362738606108909e-05,
				0.0,
				-0.00012920265948193681,
				0.99999984588175528,
				0.00053994735170871568,
				0.0,
				3.3432505834770908e-05,
				-0.00053994303634581403,
				0.99999985367188149,
				0.0,
				-0.00032632640587637829,
				-7.2919150588432143e-05,
				0.00010054934370499016,
				1.0
			],
			"uncertain" : true,
			"version_major" : 1,
			"version_minor" : 0
		},
		{
			"class_name" : "PoseGraphEdge",
			"confidence" : 0.99980791004800351,
			"information" : 
			[
				67807.906680477681,
				-26.428796607242816,
				-1136.8348555758894,
				0.0,
				-132465.71691566706,
				-266.17798267351463,
				-26.428796607242816,
				71794.957088601659,
				-93.541104737963906,
				132465.71691566706,
				0.0,
				-2112.1020008456835,
				-1136.8348555758894,
				-93.541104737963906,
				13702.549445491954,
				266.17798267351463,
				2112.1020008456835,
				0.0,
				0.0,
				132465.71691566706,
				266.17798267351463,
				281704.0,
				0.0,
				0.0,
				-132465.71691566706,
				0.0,
				2112.1020008456835,
				0.0,
				281704.0,
				0.0,
				-266.17798267351463,
				-2112.1020008456835,
				0.0,
				0.0,
				0.0,
				281704.0
			],
			"source_node_id" : 0,
			"target_node_id" : 90,
			"transformation" : 
			[
				0.99999994323635344,
				0.00017155472232945849,
				0.00028999356168049758,
				0.0,
				-0.00017196837346690575,
				0.99999896705938307,
				0.0014269923067868752,
				0.0,
				-0.00028974845486545719,
				-0.0014270420955064611,
				0.99999893979778276,
				0.0,
				-0.00016337969508307493,
				0.00030708742454719991,
				0.00025252146449490664,
				1.0
			],
			"uncertain" : true,
			"version_major" : 1,
			"version_minor" : 0
		},
		{
			"class_name" : "PoseGraphEdge",
			"confidence" : 0.99993650490076769,
			"information" : 
			[
				67663.593712943228,
				-24.261467537705443,
				-1171.9579389066066,
				0.0,
				-132172.9094017148,
				-304.99064854666358,
				-24.261467537705443,
				71653.772487790353,
				-75.938395861991921,
				132172.9094017148,
				0.0,
				-2189.0039144158654,
				-1171.9579389066066,
				-75.938395861991921,
				13681.974309491443,
				304.99064854666358,
				2189.0039144158654,
				0.0,
				0.0,
				132172.9094017148,
				304.99064854666358,
				281059.0,
				0.0,
				0.0,
				-132172.9094017148,
				0.0,
				2189.0039144158654,
				0.0,
				281059.0,
				0.0,
				-304.99064854666358,
				-2189.0039144158654,
				0.0,
				0.0,
				0.0,
				281059.0
			],
			"source_node_id" : 0,
			"target_node_id" : 95,
			"transformation" : 
			[
				0.99999998873231588,
				0.00013018117922665516,
				-7.4754470265800553e-05,
				0.0,
				-0.00013011434787475176,
				0.99999959252343573,
				0.00089332145415135377,
				0.0,
				7.4870733445393768e-05,
				-0.00089331171745637484,
				0.99999959819419415,
				0.0,
				-0.00034801152544310348,
				-2.2497332091109472e-05,
				0.00031076888000439423,
				1.0
			],
			"uncertain" : true,
			"version_major" : 1,
			"version_minor" : 0
		},
		{
			"class_name" : "PoseGraphEdge",
			"confidence" : 1.0,
			"information" : 
			[
				68190.282770646576,
				-25.667307301806048,
				-1091.6083067742443,
				0.0,
				-133443.90666753054,
				-111.14911255138577,
				-25.667307301806048,
				72178.653598495031,
				-170.67461258183175,
				133443.90666753054,
				0.0,
				-2006.8209724601475,
				-1091.6083067742443,
				-170.67461258183175,
				13771.5291015494,
				111.14911255138577,
				2006.8209724601475,
				0.0,
				0.0,
				133443.90666753054,
				111.14911255138577,
				284285.0,
				0.0,
				0.0,
				-133443.90666753054,
				0.0,
				2006.8209724601475,
				0.0,
				284285.0,
				0.0,
				-111.14911255138577,
				-2006.8209724601475,
				0.0,
				0.0,
				0.0,
				284285.0
			],
			"source_node_id" : 1,
			"target_node_id" : 2,
			"transformation" : 
			[
				0.99999914454544581,
				0.0012448621964000995,
				0.00040153018411649298,
				0.0,
				-0.0012447706312314138,
				0.99999919923283431,
				-0.00022820991358779206,
				0.0,
				-0.00040181395247857474,
				0.0002277099053838411,
				0.99999989334686823,
				0.0,
				4.1780307060451816e-05,
				-0.00020826242759349411,
				4.6833523601612043e-05,
				1.0
			],
			"uncertain" : false,
			"version_major" : 1,
			"version_minor" : 0
		},
		{
			"class_name" : "PoseGraphEdge",
			"confidence" : 1.0,
			"information" : 
			[
				68095.185114551277,
				-31.648780132166536,
				-1104.5296111675966,
				0.0,
				-133298.17897945642,
				-211.74229952963651,
				-31.648780132166536,
				72097.816275875433,
				-118.74701754764374,
				133298.17897945642,
				0.0,
				-2030.8454434620799,
				-1104.5296111675966,
				-118.74701754764374,
				13749.61086304852,
				211.74229952963651,
				2030.8454434620799,
				0.0,
				0.0,
				133298.17897945642,
				211.74229952963651,
				284012.0,
				0.0,
				0.0,
				-133298.17897945642,
				0.0,
				2030.8454434620799,
				0.0,
				284012.0,
				0.0,
				-211.74229952963651,
				-2030.8454434620799,
				0.0,
				0.0,
				0.0,
				284012.0
			],
			"source_node_id" : 2,
			"target_node_id" : 3,
			"transformation" : 
			[
				0.99999987676056812,
				-3.1348186446497178e-06,
				-0.00049645646525894567,
				0.0,
				3.5490793316348174e-06,
				0.99999965185159634,
				0.00083443639064000583,
				0.0,
				0.00049645367661166437,
				-0.00083443804976791967,
				0.99999952862333275,
				0.0,
				3.0678404048250749e-05,
				4.6558074612122616e-06,
				5.2871788399496853e-05,
				1.0
			],
			"uncertain" : false,
			"version_major" : 1,
			"version_minor" : 0
		},
		{
			"class_name" : "PoseGraphEdge",
			"confidence" : 1.0,
			"information" : 
			[
				68190.21448096032,
				-26.292539838172004,
				-1093.6821752619715,
				0.0,
				-133444.10873043537,
				-110.12658104571165,
				-26.292539838172004,
				72178.76917651674,
				-171.2188109606177,
				133444.10873043537,
				0.0,
				-2010.715011316177,
				-1093.6821752619715,
				-171.2188109606177,
				13771.163337867396,
				110.12658104571165,
				2010.715011316177,
				0.0,
				0.0,
				133444.10873043537,
				110.12658104571165,
				284285.0,
				0.0,
				0.0,
				-133444.10873043537,
				0.0,
				2010.715011316177,
				0.0,
				284285.0,
				0.0,
				-110.12658104571165,
				-2010.715011316177,
				0.0,
				0.0,
				0.0,
				284285.0
			],
			"source_node_id" : 3,
			"target_node_id" : 4,
			"transformation" : 
			[
				0.9999994375122031,
				0.00098004410948607777,
				-0.00040557221357399533,
				0.0,
				-0.00097948266707368042,
				0.99999856504991524,
				0.0013822126524100852,
				0.0,
				0.00040692626096616442,
				-0.0013818146239788936,
				0.99999896249914322,
				0.0,
				-0.0003753530910538907,
				0.00073753054199678981,
				-8.1244977928303071e-05,
				1.0
			],
			"uncertain" : false,
			"version_major" : 1,
			"version_minor" : 0
		},
		{
			"class_name" : "PoseGraphEdge",
			"confidence" : 1.0,
			"information" : 
			[
				68189.969753793266,
				-27.50576642826114,
				-1096.5891251323392,
				0.0,
				-133443.9924800396,
				-110.40618430348695,
				-27.50576642826114,
				72176.928733725857,
				-171.04764621214599,
				133443.9924800396,
				0.0,
				-2016.2735766493715,
				-1096.5891251323392,
				-171.04764621214599,
				13769.319346073553,
				110.40618430348695,
				2016.2735766493715,
				0.0,
				0.0,
				133443.9924800396,
				110.40618430348695,
				284285.0,
				0.0,
				0.0,
				-133443.9924800396,
				0.0,
				2016.2735766493715,
				0.0,
				284285.0,
				0.0,
				-110.40618430348695,
				-2016.2735766493715,
				0.0,
				0.0,
				0.0,
				284285.0
			],
			"source_node_id" : 4,
			"target_node_id" : 5,
			"transformation" : 
			[
				0.99999922408711961,
				-0.0012399336714437248,
				0.00011995685855223118,
				0.0,
				0.0012399063501281594,
				0.99999920542257037,
				0.00022756640922439068,
				0.0,
				-0.00012023893049050569,
				-0.00022741749738202274,
				0.99999996691193993,
				0.0,
				0.00027159517230628574,
				4.8435657674543995e-05,
				7.2626838473173429e-06,
				1.0
			],
			"uncertain" : false,
			"version_major" : 1,
			"version_minor" : 0
		},
		{
			"class_name" : "PoseGraphEdge",
			"confidence" : 1.0,
			"information" : 
			[
				68188.209077976775,
				-23.185922193002284,
				-1092.1728231578431,
				0.0,
				-133441.63598021865,
				-104.00747184094507,
				-23.185922193002284,
				72177.421928057738,
				-174.27484750161875,
				133441.63598021865,
				0.0,
				-2008.0054105509189,
				-1092.1728231578431,
				-174.27484750161875,
				13769.75100514312,
				104.00747184094507,
				2008.0054105509189,
				0.0,
				0.0,
				133441.63598021865,
				104.00747184094507,
				284279.0,
				0.0,
				0.0,
				-133441.63598021865,
				0.0,
				2008.0054105509189,
				0.0,
				284279.0,
				0.0,
				-104.00747184094507,
				-2008.0054105509189,
				0.0,
				0.0,
				0.0,
				284279.0
			],
			"source_node_id" : 5,
			"target_node_id" : 6,
			"transformation" : 
			[
				0.99999864099279534,
				-0.0016067767646614488,
				-0.00036916255216998701,
				0.0,
				0.0016068150062603114,
				0.99999870373473565,
				0.00010331691114070401,
				0.0,
				0.00036899606642517603,
				-0.00010390994666085359,
				0.99999992652231029,
				0.0,
				-0.00029970931037013178,
				6.8302161855290168e-05,
				1.6994370560101735e-05,
				1.0
			],
			"uncertain" : false,
			"version_major" : 1,
			"version_minor" : 0
		},
		{
			"class_name" : "PoseGraphEdge",
			"confidence" : 0.99942985453401334,
			"information" : 
			[
				68190.144564290065,
				-26.426058262825649,
				-1094.1481214416797,
				0.0,
				-133444.04960542917,
				-110.1486994115694,
				-26.426058262825649,
				72178.166745258495,
				-171.19581241218566,
				133444.04960542917,
				0.0,
				-2011.5794652577606,
				-1094.1481214416797,
				-171.19581241218566,
				13770.614089931794,
				110.1486994115694,
				2011.5794652577606,
				0.0,
				0.0,
				133444.04960542917,
				110.1486994115694,
				284285.0,
				0.0,
				0.0,
				-133444.04960542917,
				0.0,
				2011.5794652577606,
				0.0,
				284285.0,
				0.0,
				-110.1486994115694,
				-2011.5794652577606,
				0.0,
				0.0,
				0.0,
				284285.0
			],
			"source_node_id" : 5,
			"target_node_id" : 10,
			"transformation" : 
			[
				0.99999992863989673,
				0.00017507974774285209,
				-0.00033476451812309904,
				0.0,
				-0.00017496137155848391,
				0.99999992217533606,
				0.00035360690116463794,
				0.0,
				0.0003348264014774615,
				-0.00035354830507214097,
				0.99999988144743146,
				0.0,
				0.00019503281909293105,
				0.00014138447267734902,
				9.4065556195034868e-05,
				1.0
			],
			"uncertain" : true,
			"version_major" : 1,
			"version_minor" : 0
		},
		{
			"class_name" : "PoseGraphEdge",
			"confidence" : 0.99911648916282436,
			"information" : 
			[
				67638.348685910983,
				-24.211562075962519,
				-1163.799440384257,
				0.0,
				-132217.28098869324,
				-104.66225447587203,
				-24.211562075962519,
				71604.890651906186,
				-173.91191728009198,
				132217.28098869324,
				0.0,
				-2171.8206531026226,
				-1163.799440384257,
				-173.91191728009198,
				13703.411887556922,
				104.66225447587203,
				2171.8206531026226,
				0.0,
				0.0,
				132217.28098869324,
				104.66225447587203,
				281446.0,
				0.0,
				0.0,
				-132217.28098869324,
				0.0,
				2171.8206531026226,
				0.0,
				281446.0,
				0.0,
				-104.66225447587203,
				-2171.8206531026226,
				0.0,
				0.0,
				0.0,
				281446.0
			],
			"source_node_id" : 5,
			"target_node_id" : 15,
			"transformation" : 
			[
				0.9999995901973382,
				0.00082682591857083897,
				-0.00036873304244818363,
				0.0,
				-0.00082680819883323032,
				0.99999965703215288,
				4.8205583031389474e-05,
				0.0,
				0.00036877277361031498,
				-4.7900691773731938e-05,
				0.99999993085607952,
				0.0,
				-0.00040788818177641317,
				6.6938632933623944e-05,
				0.00016696653841615915,
				1.0
			],
			"uncertain" : true,
			"version_major" : 1,
			"version_minor" : 0
		},
		{
			"class_name" : "PoseGraphEdge",
			"confidence" : 0.99982483272983791,
			"information" : 
			[
				67697.726437192381,
				-27.101397768750346,
				-1159.3126807954368,
				0.0,
				-132304.73044234514,
				-121.97893082597875,
				-27.101397768750346,
				71660.544717983634,
				-166.72916522916057,
				132304.73044234514,
				0.0,
				-2162.468433191767,
				-1159.3126807954368,
				-166.72916522916057,
				13713.615228490815,
				121.97893082597875,
				2162.468433191767,
				0.0,
				0.0,
				132304.73044234514,
				121.97893082597875,
				281582.0,
				0.0,
				0.0,
				-132304.73044234514,
				0.0,
				2162.468433191767,
				0.0,
				281582.0,
				0.0,
				-121.97893082597875,
				-2162.468433191767,
				0.0,
				0.0,
				0.0,
				281582.0
			],
			"source_node_id" : 5,
			"target_node_id" : 20,
			"transformation" : 
			[
				0.99999999216865421,
				-4.5769266680658481e-05,
				0.00011648117821836388,
				0.0,
				4.5761191383964142e-05,
				0.99999999654971694,
				6.932877321405833e-05,
				0.0,
				-0.00011648435094340067,
				-6.9323442353417446e-05,
				0.99999999081282764,
				0.0,
				-0.00017418348519866663,
				-0.000152841741889643,
				0.00029124564964254265,
				1.0
			],
			"uncertain" : true,
			"version_major" : 1,
			"version_minor" : 0
		},
		{
			"class_name" : "PoseGraphEdge",
			"confidence" : 0.99991019071725451,
			"information" : 
			[
				67671.428260800254,
				-23.244660687281794,
				-1142.4105997901838,
				0.0,
				-132246.49136123061,
				-144.26716907264199,
				-23.244660687281794,
				71623.232725371607,
				-155.94762036188422,
				132246.49136123061,
				0.0,
				-2129.5099145109707,
				-1142.4105997901838,
				-155.94762036188422,
				13698.336899829943,
				144.26716907264199,
				2129.5099145109707,
				0.0,
				0.0,
				132246.49136123061,
				144.26716907264199,
				281443.0,
				0.0,
				0.0,
				-132246.49136123061,
				0.0,
				2129.5099145109707,
				0.0,
				281443.0,
				0.0,
				-144.26716907264199,
				-2129.5099145109707,
				0.0,
				0.0,
				0.0,
				281443.0
			],
			"source_node_id" : 5,
			"target_node_id" : 25,
			"transformation" : 
			[
				0.99999988172797705,
				-3.975557457149802e-05,
				0.00048473036454912564,
				0.0,
				3.9630666445486631e-05,
				0.99999996601194918,
				0.000257692670145461,
				0.0,
				-0.00048474059279418293,
				-0.0002576734294800413,
				0.99999984931546926,
				0.0,
				-2.9708855330920654e-05,
				-0.00010888799679795835,
				0.00026368087381057172,
				1.0
			],
			"uncertain" : true,
			"version_major" : 1,
			"version_minor" : 0
		},
		{
			"class_name" : "PoseGraphEdge",
			"confidence" : 0.99982688725917246,
			"information" : 
			[
				67705.283412898716,
				-25.245761119166588,
				-1164.2545300120137,
				0.0,
				-132290.12738621235,
				-139.30718841424095,
				-25.245761119166588,
				71669.54202967271,
				-158.64819067087774,
				132290.12738621235,
				0.0,
				-2173.9845942331303,
				-1164.2545300120137,
				-158.64819067087774,
				13715.83053434555,
				139.30718841424095,
				2173.9845942331303,
				0.0,
				0.0,
				132290.12738621235,
				139.30718841424095,
				281493.0,
				0.0,
				0.0,
				-132290.12738621235,
				0.0,
				2173.9845942331303,
				0.0,
				281493.0,
				0.0,
				-139.30718841424095,
				-2173.9845942331303,
				0.0,
				0.0,
				0.0,
				281493.0
			],
			"source_node_id" : 5,
			"target_node_id" : 30,
			"transformation" : 
			[
				0.99999994276794046,
				-5.3022082103467886e-06,
				-0.00033828390746473003,
				0.0,
				5.3527989842541492e-06,
				0.99999998880299767,
				0.00014955049792733855,
				0.0,
				0.00033828311072884025,
				-0.00014955230013412242,
				0.99999993159932132,
				0.0,
				-0.00047531516914536582,
				-0.00019154840136251621,
				0.00033937941502442716,
				1.0
			],
			"uncertain" : true,
			"version_major" : 1,
			"version_minor" : 0
		},
		{
			"class_name" : "PoseGraphEdge",
			"confidence" : 0.99968832629846593,
			"information" : 
			[
				67756.07140797608,
				-30.877954710394192,
				-1150.1721017727129,
				0.0,
				-132382.85827234387,
				-145.88587151278625,
				-30.877954710394192,
				71718.008800479467,
				-155.68659938070414,
				132382.85827234387,
				0.0,
				-2144.9902843365562,
				-1150.1721017727129,
				-155.68659938070414,
				13711.620326240916,
				145.88587151278625,
				2144.9902843365562,
				0.0,
				0.0,
				132382.85827234387,
				145.88587151278625,
				281655.0,
				0.0,
				0.0,
				-132382.85827234387,
				0.0,
				2144.9902843365562,
				0.0,
				281655.0,
				0.0,
				-145.88587151278625,
				-2144.9902843365562,
				0.0,
				0.0,
				0.0,
				281655.0
			],
			"source_node_id" : 5,
			"target_node_id" : 35,
			"transformation" : 
			[
				0.9999993007739425,
				-0.001050271443669392,
				-0.00054349012982913669,
				0.0,
				0.0010500962300466514,
				0.99999939662273851,
				-0.00032257102356360822,
				0.0,
				0.00054382858903411423,
				0.00032200008107662888,
				0.99999980028318691,
				0.0,
				-0.00048323420161390767,
